# ΔA Group-Similarity Analysis — pilot2

- N = **1417**, subjects=8, levels=[1, 2, 3, 4, 5, 6, 7], units(n>= 10)=47

## METHOD
similarity_analysis.py
======================
Group-centroid SIMILARITY analysis of activation-shifts (ΔA) for the
thinking-mode pilot.  Measures how similar groups are to each other along
three groupings:

  (1) UNIT    = (subject, level) cell  (cells with n >= MIN_N)
  (2) SUBJECT = 8 canonical subjects
  (3) LEVEL   = 1..8 (ordinal)

METHOD (mirrored verbatim into the report)
------------------------------------------
Representation:
  Each problem i -> ΔA_i ∈ R^(36 x 12288). We analyze BOTH `dA_thinking`
  and `dA_faithful`. Similarity is computed on the LAYER-AVERAGED cosine,
  i.e. for two vectors we average the per-layer cosine over all 36 layers
  (each layer's 12288-d vector is L2-normalized before the dot product).
  This avoids a few high-norm layers dominating a flattened 442k-d cosine.

Common-component removal (CENTERING):
  ΔA has a dominant shared direction (in prior unit_analysis, within- and
  between-unit cosines were both ~+0.9). Raw centroid cosines are therefore
  ~1 everywhere and uninformative. We report TWO variants:
    - raw      : centroids computed on ΔA_i directly
    - centered : subtract the GLOBAL mean μ = mean_i(ΔA_i) from every ΔA_i
                 first (per layer), then compute centroids. This is the
                 PRIMARY result; raw is shown for transparency.

Group centroid:
  For a group g, centroid C_g[l] = mean over members i∈g of (ΔA_i[l]).
  (On centered data this is the mean of centered vectors.)

Similarity matrix:
  S[g,h] = mean_l cos( C_g[l], C_h[l] )   (layer-averaged cosine of centroids)

Separability (is the grouping meaningful?):
  within(g)  = mean over members i∈g of layer-avg cos(ΔA_i, C_g)
  between    = mean over g!=h of layer-avg cos(C_g, C_h)
  gap = within_mean - between_mean   (higher => groups internally coherent
        and mutually distinct).

Ordinality (LEVEL only):
  Since level is ordinal we test whether adjacent levels are more similar:
  Spearman ρ between S[a,b] (off-diagonal centroid cosine) and -|a-b|.
  Positive ρ => closer levels look more alike.

Significance (permutation test):
  Null = shuffle group labels (LABEL permutation) N_PERM times; recompute
  `gap`. p = fraction of permuted gaps >= observed gap. Reported per grouping.

Length-confound robustness:
  Centroid cosines may merely reflect gen_len differences. We recompute the
  centered SUBJECT and LEVEL matrices on a gen_len-balanced subsample
  (stratify by gen_len quintile, take min per-quintile count per group when
  feasible) and report whether the separability gap survives.

OUTPUTS (analysis/ dir)
  - REPORT_similarity_<tag>.md   (this method text + all matrices + verdict)
  - sim_matrices_<tag>.npz       (raw/centered x thinking/faithful matrices)
  - heatmap_{subject,level,unit}_<tag>.png

CPU only. Memory: fp16 (N,36,12288)*2 ~ 2.7 GB.

## ===== THINKING :: CENTERED (primary) =====

### [THINKING] SUBJECT grouping  (groups=8, MIN_N=1)
group sizes: Algebra:210, Counting & Probability:210, Geometry:187, Intermediate Algebra:180, Number Theory:210, Other:180, Prealgebra:90, Precalculus:150
- within_mean cos = +0.251 | between_mean cos = -0.113 | gap = +0.364
- permutation p(gap >= obs) = 0.0050  (N_PERM=200, label shuffle)
- centroid cosine matrix:
```
                        AlgebraCounting & ProbabilityGeometryIntermediate AlgebraNumber Theory   OtherPrealgebraPrecalculus
                Algebra   1.000  -0.420  -0.005   0.244   0.179  -0.564   0.340   0.178
 Counting & Probability  -0.420   1.000  -0.067  -0.666   0.332  -0.113   0.057  -0.696
               Geometry  -0.005  -0.067   1.000  -0.109  -0.237  -0.218  -0.229   0.073
   Intermediate Algebra   0.244  -0.666  -0.109   1.000  -0.308   0.206  -0.437   0.625
          Number Theory   0.179   0.332  -0.237  -0.308   1.000  -0.598   0.287  -0.563
                  Other  -0.564  -0.113  -0.218   0.206  -0.598   1.000  -0.463   0.237
             Prealgebra   0.340   0.057  -0.229  -0.437   0.287  -0.463   1.000  -0.238
            Precalculus   0.178  -0.696   0.073   0.625  -0.563   0.237  -0.238   1.000
```
- heatmap: heatmap_subject_THINKING_pilot2.png

### [THINKING] LEVEL grouping  (groups=7, MIN_N=1)
group sizes: 1:127, 2:240, 3:240, 4:210, 5:210, 6:210, 7:180
- within_mean cos = +0.323 | between_mean cos = -0.130 | gap = +0.453
- permutation p(gap >= obs) = 0.0050  (N_PERM=200, label shuffle)
- centroid cosine matrix:
```
               1       2       3       4       5       6       7
       1   1.000   0.908   0.575  -0.349  -0.867  -0.865  -0.772
       2   0.908   1.000   0.756  -0.171  -0.840  -0.933  -0.875
       3   0.575   0.756   1.000   0.391  -0.490  -0.812  -0.890
       4  -0.349  -0.171   0.391   1.000   0.406   0.044  -0.173
       5  -0.867  -0.840  -0.490   0.406   1.000   0.711   0.582
       6  -0.865  -0.933  -0.812   0.044   0.711   1.000   0.932
       7  -0.772  -0.875  -0.890  -0.173   0.582   0.932   1.000
```
- ORDINALITY: ρ( centroid_cos , -|level_a-level_b| ) = +0.879  (positive => adjacent levels more similar)
- heatmap: heatmap_level_THINKING_pilot2.png

### [THINKING] UNIT (subject×level) grouping  (groups=47, MIN_N=10)
group sizes: Algebra|L1:30, Algebra|L2:30, Algebra|L3:30, Algebra|L4:30, Algebra|L5:30, Algebra|L6:30, Algebra|L7:30, Counting & Probability|L1:30, Counting & Probability|L2:30, Counting & Probability|L3:30, Counting & Probability|L4:30, Counting & Probability|L5:30, Counting & Probability|L6:30, Counting & Probability|L7:30, Geometry|L2:30, Geometry|L3:30, Geometry|L4:30, Geometry|L5:30, Geometry|L6:30, Geometry|L7:30, Intermediate Algebra|L2:30, Intermediate Algebra|L3:30, Intermediate Algebra|L4:30, Intermediate Algebra|L5:30, Intermediate Algebra|L6:30, Intermediate Algebra|L7:30, Number Theory|L1:30, Number Theory|L2:30, Number Theory|L3:30, Number Theory|L4:30, Number Theory|L5:30, Number Theory|L6:30, Number Theory|L7:30, Other|L2:30, Other|L3:30, Other|L4:30, Other|L5:30, Other|L6:30, Other|L7:30, Prealgebra|L1:30, Prealgebra|L2:30, Prealgebra|L3:30, Precalculus|L2:30, Precalculus|L3:30, Precalculus|L4:30, Precalculus|L5:30, Precalculus|L6:30
- within_mean cos = +0.428 | between_mean cos = -0.005 | gap = +0.433
- permutation p(gap >= obs) = 0.0050  (N_PERM=200, label shuffle)
- centroid cosine matrix:
```
                          Algebra|L1Algebra|L2Algebra|L3Algebra|L4Algebra|L5Algebra|L6Algebra|L7Counting & Probability|L1Counting & Probability|L2Counting & Probability|L3Counting & Probability|L4Counting & Probability|L5Counting & Probability|L6Counting & Probability|L7Geometry|L2Geometry|L3Geometry|L4Geometry|L5Geometry|L6Geometry|L7Intermediate Algebra|L2Intermediate Algebra|L3Intermediate Algebra|L4Intermediate Algebra|L5Intermediate Algebra|L6Intermediate Algebra|L7Number Theory|L1Number Theory|L2Number Theory|L3Number Theory|L4Number Theory|L5Number Theory|L6Number Theory|L7Other|L2Other|L3Other|L4Other|L5Other|L6Other|L7Prealgebra|L1Prealgebra|L2Prealgebra|L3Precalculus|L2Precalculus|L3Precalculus|L4Precalculus|L5Precalculus|L6
                Algebra|L1   1.000   0.845   0.393   0.041  -0.583  -0.712  -0.710   0.758   0.603   0.136  -0.387  -0.468  -0.614  -0.653   0.690   0.522  -0.321  -0.567  -0.632  -0.647   0.823   0.295   0.039  -0.262  -0.662  -0.644   0.795   0.673   0.344  -0.046  -0.513  -0.588  -0.683   0.331   0.209  -0.109  -0.379  -0.571  -0.538   0.865   0.593   0.058   0.739   0.372  -0.230  -0.474  -0.703
                Algebra|L2   0.845   1.000   0.576   0.320  -0.394  -0.729  -0.746   0.735   0.665   0.297  -0.292  -0.347  -0.677  -0.735   0.815   0.712  -0.082  -0.473  -0.530  -0.732   0.803   0.288   0.087  -0.139  -0.697  -0.765   0.684   0.770   0.551   0.197  -0.515  -0.561  -0.732   0.157   0.136  -0.278  -0.535  -0.737  -0.708   0.753   0.710   0.251   0.650   0.433  -0.184  -0.422  -0.698
                Algebra|L3   0.393   0.576   1.000   0.721   0.109  -0.467  -0.430   0.299   0.299   0.045  -0.218  -0.265  -0.625  -0.693   0.418   0.512   0.126  -0.143  -0.169  -0.683   0.368   0.370   0.505   0.300  -0.404  -0.606   0.317   0.411   0.564   0.438  -0.488  -0.440  -0.377   0.119   0.173  -0.206  -0.254  -0.646  -0.752   0.451   0.616   0.540   0.373   0.564  -0.008  -0.084  -0.425
                Algebra|L4   0.041   0.320   0.721   1.000   0.383  -0.255  -0.197   0.086   0.181   0.121   0.058   0.128  -0.351  -0.453   0.238   0.459   0.291   0.181   0.152  -0.481   0.029   0.030   0.339   0.428  -0.218  -0.443   0.022   0.195   0.537   0.511  -0.277  -0.180  -0.190  -0.163   0.025  -0.278  -0.220  -0.506  -0.635   0.079   0.429   0.583   0.062   0.341   0.076   0.158  -0.183
                Algebra|L5  -0.583  -0.394   0.109   0.383   1.000   0.529   0.588  -0.602  -0.518  -0.272   0.089   0.240   0.164   0.238  -0.418  -0.249   0.371   0.518   0.611   0.272  -0.465  -0.054   0.279   0.572   0.521   0.355  -0.611  -0.450  -0.048   0.293   0.269   0.383   0.494  -0.385  -0.153  -0.145   0.090   0.181   0.090  -0.547  -0.325   0.105  -0.491  -0.033   0.333   0.533   0.539
                Algebra|L6  -0.712  -0.729  -0.467  -0.255   0.529   1.000   0.850  -0.772  -0.746  -0.343   0.194   0.292   0.609   0.735  -0.714  -0.700   0.221   0.470   0.571   0.756  -0.681  -0.114  -0.050   0.269   0.820   0.790  -0.702  -0.659  -0.445  -0.052   0.650   0.697   0.717  -0.434  -0.400  -0.060   0.223   0.609   0.665  -0.687  -0.675  -0.274  -0.711  -0.477   0.279   0.428   0.776
                Algebra|L7  -0.710  -0.746  -0.430  -0.197   0.588   0.850   1.000  -0.773  -0.733  -0.425   0.125   0.282   0.532   0.669  -0.729  -0.671   0.169   0.490   0.626   0.705  -0.651  -0.192   0.002   0.345   0.813   0.814  -0.716  -0.680  -0.423  -0.055   0.582   0.655   0.774  -0.410  -0.268  -0.003   0.285   0.625   0.623  -0.710  -0.719  -0.333  -0.674  -0.392   0.307   0.502   0.771
 Counting & Probability|L1   0.758   0.735   0.299   0.086  -0.602  -0.772  -0.773   1.000   0.907   0.548  -0.026  -0.143  -0.432  -0.545   0.723   0.550  -0.315  -0.614  -0.652  -0.635   0.654   0.026  -0.198  -0.438  -0.773  -0.700   0.789   0.758   0.431   0.065  -0.514  -0.549  -0.662   0.272   0.128  -0.120  -0.372  -0.547  -0.546   0.739   0.691   0.254   0.608   0.216  -0.449  -0.589  -0.801
 Counting & Probability|L2   0.603   0.665   0.299   0.181  -0.518  -0.746  -0.733   0.907   1.000   0.704   0.163   0.067  -0.349  -0.494   0.689   0.585  -0.184  -0.542  -0.557  -0.614   0.513  -0.144  -0.272  -0.400  -0.774  -0.695   0.686   0.764   0.533   0.211  -0.467  -0.469  -0.588   0.180   0.094  -0.128  -0.355  -0.553  -0.565   0.564   0.675   0.357   0.472   0.152  -0.470  -0.557  -0.760
 Counting & Probability|L3   0.136   0.297   0.045   0.121  -0.272  -0.343  -0.425   0.548   0.704   1.000   0.523   0.409   0.065  -0.085   0.369   0.283   0.021  -0.338  -0.325  -0.273   0.097  -0.257  -0.377  -0.370  -0.456  -0.418   0.330   0.518   0.431   0.320  -0.094  -0.084  -0.311  -0.063  -0.187  -0.211  -0.289  -0.297  -0.281   0.185   0.410   0.400   0.053  -0.168  -0.443  -0.438  -0.446
 Counting & Probability|L4  -0.387  -0.292  -0.218   0.058   0.089   0.194   0.125  -0.026   0.163   0.523   1.000   0.761   0.605   0.433  -0.184  -0.208   0.100   0.017   0.132   0.236  -0.478  -0.550  -0.511  -0.255   0.040   0.116  -0.177  -0.010   0.137   0.286   0.268   0.382   0.233  -0.296  -0.390  -0.067  -0.040   0.195   0.182  -0.338  -0.002   0.357  -0.495  -0.541  -0.333  -0.113   0.070
 Counting & Probability|L5  -0.468  -0.347  -0.265   0.128   0.240   0.292   0.282  -0.143   0.067   0.409   0.761   1.000   0.626   0.503  -0.230  -0.248   0.200   0.177   0.308   0.305  -0.526  -0.625  -0.489  -0.080   0.164   0.207  -0.299  -0.050   0.180   0.402   0.361   0.507   0.388  -0.509  -0.461  -0.204  -0.110   0.200   0.192  -0.474  -0.121   0.255  -0.616  -0.556  -0.233   0.034   0.179
 Counting & Probability|L6  -0.614  -0.677  -0.625  -0.351   0.164   0.609   0.532  -0.432  -0.349   0.065   0.605   0.626   1.000   0.840  -0.533  -0.607   0.007   0.174   0.311   0.698  -0.683  -0.474  -0.482  -0.238   0.470   0.622  -0.469  -0.434  -0.342  -0.074   0.573   0.642   0.554  -0.334  -0.406   0.094   0.207   0.669   0.705  -0.585  -0.456  -0.094  -0.696  -0.717  -0.140   0.091   0.450
 Counting & Probability|L7  -0.653  -0.735  -0.693  -0.453   0.238   0.735   0.669  -0.545  -0.494  -0.085   0.433   0.503   0.840   1.000  -0.579  -0.674   0.018   0.271   0.393   0.816  -0.687  -0.382  -0.422  -0.156   0.610   0.749  -0.554  -0.526  -0.467  -0.138   0.633   0.691   0.653  -0.362  -0.437   0.028   0.213   0.720   0.788  -0.630  -0.594  -0.262  -0.708  -0.704  -0.058   0.192   0.561
               Geometry|L2   0.690   0.815   0.418   0.238  -0.418  -0.714  -0.729   0.723   0.689   0.369  -0.184  -0.230  -0.533  -0.579   1.000   0.793  -0.000  -0.376  -0.423  -0.576   0.638   0.122  -0.120  -0.321  -0.682  -0.687   0.565   0.676   0.391   0.093  -0.504  -0.540  -0.706   0.153   0.114  -0.236  -0.473  -0.615  -0.576   0.613   0.704   0.247   0.598   0.325  -0.271  -0.387  -0.639
               Geometry|L3   0.522   0.712   0.512   0.459  -0.249  -0.700  -0.671   0.550   0.585   0.283  -0.208  -0.248  -0.607  -0.674   0.793   1.000   0.164  -0.164  -0.263  -0.622   0.553   0.129   0.096  -0.070  -0.623  -0.695   0.406   0.485   0.379   0.066  -0.537  -0.568  -0.688   0.218   0.339  -0.086  -0.314  -0.643  -0.650   0.446   0.586   0.245   0.610   0.537  -0.018  -0.141  -0.508
               Geometry|L4  -0.321  -0.082   0.126   0.291   0.371   0.221   0.169  -0.315  -0.184   0.021   0.100   0.200   0.007   0.018  -0.000   0.164   1.000   0.543   0.568   0.164  -0.251  -0.031   0.111   0.318   0.172   0.010  -0.336  -0.141   0.095   0.308   0.094   0.151   0.115  -0.358  -0.253  -0.288  -0.106  -0.146  -0.114  -0.323  -0.026   0.210  -0.260   0.002   0.250   0.211   0.323
               Geometry|L5  -0.567  -0.473  -0.143   0.181   0.518   0.470   0.490  -0.614  -0.542  -0.338   0.017   0.177   0.174   0.271  -0.376  -0.164   0.543   1.000   0.776   0.429  -0.517  -0.132   0.095   0.423   0.467   0.359  -0.627  -0.555  -0.259   0.019   0.235   0.289   0.362  -0.373  -0.219  -0.148   0.133   0.167   0.177  -0.576  -0.437  -0.120  -0.444  -0.117   0.360   0.540   0.593
               Geometry|L6  -0.632  -0.530  -0.169   0.152   0.611   0.571   0.626  -0.652  -0.557  -0.325   0.132   0.308   0.311   0.393  -0.423  -0.263   0.568   0.776   1.000   0.560  -0.570  -0.214   0.038   0.413   0.541   0.481  -0.653  -0.541  -0.227   0.111   0.321   0.419   0.550  -0.436  -0.272  -0.140   0.133   0.274   0.262  -0.626  -0.452  -0.066  -0.561  -0.204   0.335   0.523   0.668
               Geometry|L7  -0.647  -0.732  -0.683  -0.481   0.272   0.756   0.705  -0.635  -0.614  -0.273   0.236   0.305   0.698   0.816  -0.576  -0.622   0.164   0.429   0.560   1.000  -0.648  -0.292  -0.323  -0.069   0.647   0.796  -0.611  -0.622  -0.581  -0.277   0.578   0.588   0.650  -0.315  -0.361   0.079   0.286   0.711   0.790  -0.647  -0.643  -0.344  -0.655  -0.601   0.114   0.278   0.697
   Intermediate Algebra|L2   0.823   0.803   0.368   0.029  -0.465  -0.681  -0.651   0.654   0.513   0.097  -0.478  -0.526  -0.683  -0.687   0.638   0.553  -0.251  -0.517  -0.570  -0.648   1.000   0.429   0.184  -0.108  -0.571  -0.610   0.616   0.598   0.295  -0.071  -0.503  -0.590  -0.665   0.352   0.374  -0.032  -0.333  -0.537  -0.528   0.702   0.446  -0.062   0.821   0.572  -0.002  -0.319  -0.605
   Intermediate Algebra|L3   0.295   0.288   0.370   0.030  -0.054  -0.114  -0.192   0.026  -0.144  -0.257  -0.550  -0.625  -0.474  -0.382   0.122   0.129  -0.031  -0.132  -0.214  -0.292   0.429   1.000   0.645   0.277  -0.006  -0.202   0.143   0.049  -0.046  -0.125  -0.209  -0.322  -0.298   0.282   0.237  -0.016  -0.055  -0.230  -0.206   0.378   0.117  -0.113   0.444   0.555   0.331   0.076  -0.088
   Intermediate Algebra|L4   0.039   0.087   0.505   0.339   0.279  -0.050   0.002  -0.198  -0.272  -0.377  -0.511  -0.489  -0.482  -0.422  -0.120   0.096   0.111   0.095   0.038  -0.323   0.184   0.645   1.000   0.645   0.106  -0.156  -0.061  -0.169   0.041   0.062  -0.227  -0.273  -0.053   0.265   0.435   0.112   0.219  -0.228  -0.310   0.125  -0.006   0.012   0.284   0.667   0.464   0.308   0.065
   Intermediate Algebra|L5  -0.262  -0.139   0.300   0.428   0.572   0.269   0.345  -0.438  -0.400  -0.370  -0.255  -0.080  -0.238  -0.156  -0.321  -0.070   0.318   0.423   0.413  -0.069  -0.108   0.277   0.645   1.000   0.383   0.116  -0.340  -0.273   0.098   0.269   0.092   0.108   0.272  -0.185   0.064  -0.148   0.104  -0.126  -0.194  -0.257  -0.264  -0.039  -0.109   0.368   0.566   0.552   0.369
   Intermediate Algebra|L6  -0.662  -0.697  -0.404  -0.218   0.521   0.820   0.813  -0.773  -0.774  -0.456   0.040   0.164   0.470   0.610  -0.682  -0.623   0.172   0.467   0.541   0.647  -0.571  -0.006   0.106   0.383   1.000   0.798  -0.713  -0.695  -0.500  -0.129   0.582   0.591   0.650  -0.351  -0.224   0.004   0.264   0.615   0.641  -0.665  -0.730  -0.399  -0.574  -0.274   0.415   0.592   0.771
   Intermediate Algebra|L7  -0.644  -0.765  -0.606  -0.443   0.355   0.790   0.814  -0.700  -0.695  -0.418   0.116   0.207   0.622   0.749  -0.687  -0.695   0.010   0.359   0.481   0.796  -0.610  -0.202  -0.156   0.116   0.798   1.000  -0.652  -0.685  -0.601  -0.291   0.613   0.609   0.719  -0.271  -0.232   0.139   0.345   0.785   0.807  -0.671  -0.756  -0.476  -0.604  -0.467   0.231   0.415   0.715
          Number Theory|L1   0.795   0.684   0.317   0.022  -0.611  -0.702  -0.716   0.789   0.686   0.330  -0.177  -0.299  -0.469  -0.554   0.565   0.406  -0.336  -0.627  -0.653  -0.611   0.616   0.143  -0.061  -0.340  -0.713  -0.652   1.000   0.787   0.490   0.110  -0.405  -0.465  -0.561   0.319   0.094  -0.107  -0.324  -0.542  -0.522   0.840   0.610   0.201   0.582   0.183  -0.418  -0.600  -0.749
          Number Theory|L2   0.673   0.770   0.411   0.195  -0.450  -0.659  -0.680   0.758   0.764   0.518  -0.010  -0.050  -0.434  -0.526   0.676   0.485  -0.141  -0.555  -0.541  -0.622   0.598   0.049  -0.169  -0.273  -0.695  -0.685   0.787   1.000   0.772   0.447  -0.292  -0.302  -0.522   0.006  -0.118  -0.354  -0.589  -0.648  -0.616   0.671   0.668   0.345   0.402   0.108  -0.428  -0.583  -0.740
          Number Theory|L3   0.344   0.551   0.564   0.537  -0.048  -0.445  -0.423   0.431   0.533   0.431   0.137   0.180  -0.342  -0.467   0.391   0.379   0.095  -0.259  -0.227  -0.581   0.295  -0.046   0.041   0.098  -0.500  -0.601   0.490   0.772   1.000   0.774  -0.139  -0.068  -0.238  -0.198  -0.180  -0.409  -0.499  -0.656  -0.687   0.375   0.523   0.515   0.124   0.099  -0.296  -0.348  -0.526
          Number Theory|L4  -0.046   0.197   0.438   0.511   0.293  -0.052  -0.055   0.065   0.211   0.320   0.286   0.402  -0.074  -0.138   0.093   0.066   0.308   0.019   0.111  -0.277  -0.071  -0.125   0.062   0.269  -0.129  -0.291   0.110   0.447   0.774   1.000   0.098   0.236   0.135  -0.416  -0.408  -0.514  -0.421  -0.423  -0.470   0.033   0.280   0.546  -0.249  -0.086  -0.233  -0.146  -0.190
          Number Theory|L5  -0.513  -0.515  -0.488  -0.277   0.269   0.650   0.582  -0.514  -0.467  -0.094   0.268   0.361   0.573   0.633  -0.504  -0.537   0.094   0.235   0.321   0.578  -0.503  -0.209  -0.227   0.092   0.582   0.613  -0.405  -0.292  -0.139   0.098   1.000   0.782   0.563  -0.457  -0.472  -0.166   0.005   0.468   0.541  -0.512  -0.571  -0.296  -0.601  -0.592   0.096   0.204   0.485
          Number Theory|L6  -0.588  -0.561  -0.440  -0.180   0.383   0.697   0.655  -0.549  -0.469  -0.084   0.382   0.507   0.642   0.691  -0.540  -0.568   0.151   0.289   0.419   0.588  -0.590  -0.322  -0.273   0.108   0.591   0.609  -0.465  -0.302  -0.068   0.236   0.782   1.000   0.660  -0.565  -0.532  -0.225  -0.040   0.459   0.507  -0.579  -0.559  -0.174  -0.711  -0.618   0.025   0.207   0.484
          Number Theory|L7  -0.683  -0.732  -0.377  -0.190   0.494   0.717   0.774  -0.662  -0.588  -0.311   0.233   0.388   0.554   0.653  -0.706  -0.688   0.115   0.362   0.550   0.650  -0.665  -0.298  -0.053   0.272   0.650   0.719  -0.561  -0.522  -0.238   0.135   0.563   0.660   1.000  -0.348  -0.315   0.002   0.316   0.575   0.519  -0.629  -0.619  -0.171  -0.694  -0.444   0.052   0.303   0.584
                  Other|L2   0.331   0.157   0.119  -0.163  -0.385  -0.434  -0.410   0.272   0.180  -0.063  -0.296  -0.509  -0.334  -0.362   0.153   0.218  -0.358  -0.373  -0.436  -0.315   0.352   0.282   0.265  -0.185  -0.351  -0.271   0.319   0.006  -0.198  -0.416  -0.457  -0.565  -0.348   1.000   0.697   0.643   0.461  -0.045  -0.115   0.380   0.194  -0.040   0.619   0.452  -0.062  -0.149  -0.299
                  Other|L3   0.209   0.136   0.173   0.025  -0.153  -0.400  -0.268   0.128   0.094  -0.187  -0.390  -0.461  -0.406  -0.437   0.114   0.339  -0.253  -0.219  -0.272  -0.361   0.374   0.237   0.435   0.064  -0.224  -0.232   0.094  -0.118  -0.180  -0.408  -0.472  -0.532  -0.315   0.697   1.000   0.680   0.478  -0.037  -0.136   0.155   0.045  -0.178   0.589   0.665   0.270   0.146  -0.139
                  Other|L4  -0.109  -0.278  -0.206  -0.278  -0.145  -0.060  -0.003  -0.120  -0.128  -0.211  -0.067  -0.204   0.094   0.028  -0.236  -0.086  -0.288  -0.148  -0.140   0.079  -0.032  -0.016   0.112  -0.148   0.004   0.139  -0.107  -0.354  -0.409  -0.514  -0.166  -0.225   0.002   0.643   0.680   1.000   0.703   0.387   0.310  -0.123  -0.161  -0.173   0.180   0.189   0.114   0.087   0.130
                  Other|L5  -0.379  -0.535  -0.254  -0.220   0.090   0.223   0.285  -0.372  -0.355  -0.289  -0.040  -0.110   0.207   0.213  -0.473  -0.314  -0.106   0.133   0.133   0.286  -0.333  -0.055   0.219   0.104   0.264   0.345  -0.324  -0.589  -0.499  -0.421   0.005  -0.040   0.316   0.461   0.478   0.703   1.000   0.501   0.397  -0.333  -0.358  -0.176  -0.062   0.071   0.139   0.237   0.336
                  Other|L6  -0.571  -0.737  -0.646  -0.506   0.181   0.609   0.625  -0.547  -0.553  -0.297   0.195   0.200   0.669   0.720  -0.615  -0.643  -0.146   0.167   0.274   0.711  -0.537  -0.230  -0.228  -0.126   0.615   0.785  -0.542  -0.648  -0.656  -0.423   0.468   0.459   0.575  -0.045  -0.037   0.387   0.501   1.000   0.842  -0.581  -0.644  -0.395  -0.475  -0.425   0.092   0.271   0.540
                  Other|L7  -0.538  -0.708  -0.752  -0.635   0.090   0.665   0.623  -0.546  -0.565  -0.281   0.182   0.192   0.705   0.788  -0.576  -0.650  -0.114   0.177   0.262   0.790  -0.528  -0.206  -0.310  -0.194   0.641   0.807  -0.522  -0.616  -0.687  -0.470   0.541   0.507   0.519  -0.115  -0.136   0.310   0.397   0.842   1.000  -0.565  -0.657  -0.493  -0.500  -0.523   0.116   0.244   0.588
             Prealgebra|L1   0.865   0.753   0.451   0.079  -0.547  -0.687  -0.710   0.739   0.564   0.185  -0.338  -0.474  -0.585  -0.630   0.613   0.446  -0.323  -0.576  -0.626  -0.647   0.702   0.378   0.125  -0.257  -0.665  -0.671   0.840   0.671   0.375   0.033  -0.512  -0.579  -0.629   0.380   0.155  -0.123  -0.333  -0.581  -0.565   1.000   0.692   0.219   0.661   0.350  -0.303  -0.517  -0.716
             Prealgebra|L2   0.593   0.710   0.616   0.429  -0.325  -0.675  -0.719   0.691   0.675   0.410  -0.002  -0.121  -0.456  -0.594   0.704   0.586  -0.026  -0.437  -0.452  -0.643   0.446   0.117  -0.006  -0.264  -0.730  -0.756   0.610   0.668   0.523   0.280  -0.571  -0.559  -0.619   0.194   0.045  -0.161  -0.358  -0.644  -0.657   0.692   1.000   0.690   0.412   0.255  -0.374  -0.514  -0.656
             Prealgebra|L3   0.058   0.251   0.540   0.583   0.105  -0.274  -0.333   0.254   0.357   0.400   0.357   0.255  -0.094  -0.262   0.247   0.245   0.210  -0.120  -0.066  -0.344  -0.062  -0.113   0.012  -0.039  -0.399  -0.476   0.201   0.345   0.515   0.546  -0.296  -0.174  -0.171  -0.040  -0.178  -0.173  -0.176  -0.395  -0.493   0.219   0.690   1.000  -0.077   0.019  -0.335  -0.317  -0.320
            Precalculus|L2   0.739   0.650   0.373   0.062  -0.491  -0.711  -0.674   0.608   0.472   0.053  -0.495  -0.616  -0.696  -0.708   0.598   0.610  -0.260  -0.444  -0.561  -0.655   0.821   0.444   0.284  -0.109  -0.574  -0.604   0.582   0.402   0.124  -0.249  -0.601  -0.711  -0.694   0.619   0.589   0.180  -0.062  -0.475  -0.500   0.661   0.412  -0.077   1.000   0.692   0.034  -0.212  -0.572
            Precalculus|L3   0.372   0.433   0.564   0.341  -0.033  -0.477  -0.392   0.216   0.152  -0.168  -0.541  -0.556  -0.717  -0.704   0.325   0.537   0.002  -0.117  -0.204  -0.601   0.572   0.555   0.667   0.368  -0.274  -0.467   0.183   0.108   0.099  -0.086  -0.592  -0.618  -0.444   0.452   0.665   0.189   0.071  -0.425  -0.523   0.350   0.255   0.019   0.692   1.000   0.400   0.184  -0.251
            Precalculus|L4  -0.230  -0.184  -0.008   0.076   0.333   0.279   0.307  -0.449  -0.470  -0.443  -0.333  -0.233  -0.140  -0.058  -0.271  -0.018   0.250   0.360   0.335   0.114  -0.002   0.331   0.464   0.566   0.415   0.231  -0.418  -0.428  -0.296  -0.233   0.096   0.025   0.052  -0.062   0.270   0.114   0.139   0.092   0.116  -0.303  -0.374  -0.335   0.034   0.400   1.000   0.605   0.507
            Precalculus|L5  -0.474  -0.422  -0.084   0.158   0.533   0.428   0.502  -0.589  -0.557  -0.438  -0.113   0.034   0.091   0.192  -0.387  -0.141   0.211   0.540   0.523   0.278  -0.319   0.076   0.308   0.552   0.592   0.415  -0.600  -0.583  -0.348  -0.146   0.204   0.207   0.303  -0.149   0.146   0.087   0.237   0.271   0.244  -0.517  -0.514  -0.317  -0.212   0.184   0.605   1.000   0.610
            Precalculus|L6  -0.703  -0.698  -0.425  -0.183   0.539   0.776   0.771  -0.801  -0.760  -0.446   0.070   0.179   0.450   0.561  -0.639  -0.508   0.323   0.593   0.668   0.697  -0.605  -0.088   0.065   0.369   0.771   0.715  -0.749  -0.740  -0.526  -0.190   0.485   0.484   0.584  -0.299  -0.139   0.130   0.336   0.540   0.588  -0.716  -0.656  -0.320  -0.572  -0.251   0.507   0.610   1.000
```
- heatmap: heatmap_unit_THINKING_pilot2.png

## ===== THINKING :: RAW (transparency) =====

### [THINKING_raw] SUBJECT grouping  (groups=8, MIN_N=1)
group sizes: Algebra:210, Counting & Probability:210, Geometry:187, Intermediate Algebra:180, Number Theory:210, Other:180, Prealgebra:90, Precalculus:150
- within_mean cos = +0.861 | between_mean cos = +0.975 | gap = -0.114
- permutation p(gap >= obs) = 0.0050  (N_PERM=200, label shuffle)
- centroid cosine matrix:
```
                        AlgebraCounting & ProbabilityGeometryIntermediate AlgebraNumber Theory   OtherPrealgebraPrecalculus
                Algebra   1.000   0.982   0.981   0.993   0.992   0.970   0.981   0.992
 Counting & Probability   0.982   1.000   0.970   0.971   0.989   0.963   0.972   0.970
               Geometry   0.981   0.970   1.000   0.976   0.974   0.958   0.958   0.978
   Intermediate Algebra   0.993   0.971   0.976   1.000   0.983   0.979   0.962   0.995
          Number Theory   0.992   0.989   0.974   0.983   1.000   0.960   0.978   0.978
                  Other   0.970   0.963   0.958   0.979   0.960   1.000   0.942   0.981
             Prealgebra   0.981   0.972   0.958   0.962   0.978   0.942   1.000   0.965
            Precalculus   0.992   0.970   0.978   0.995   0.978   0.981   0.965   1.000
```

### [THINKING_raw] LEVEL grouping  (groups=7, MIN_N=1)
group sizes: 1:127, 2:240, 3:240, 4:210, 5:210, 6:210, 7:180
- within_mean cos = +0.865 | between_mean cos = +0.951 | gap = -0.086
- permutation p(gap >= obs) = 0.0050  (N_PERM=200, label shuffle)
- centroid cosine matrix:
```
               1       2       3       4       5       6       7
       1   1.000   0.989   0.966   0.944   0.912   0.886   0.842
       2   0.989   1.000   0.991   0.976   0.949   0.928   0.887
       3   0.966   0.991   1.000   0.995   0.975   0.962   0.925
       4   0.944   0.976   0.995   1.000   0.986   0.981   0.951
       5   0.912   0.949   0.975   0.986   1.000   0.982   0.960
       6   0.886   0.928   0.962   0.981   0.982   1.000   0.990
       7   0.842   0.887   0.925   0.951   0.960   0.990   1.000
```
- ORDINALITY: ρ( centroid_cos , -|level_a-level_b| ) = +0.971  (positive => adjacent levels more similar)

## ===== THINKING :: gen_len-balanced robustness (centered) =====

(gen_len-balanced subsample N=488)

### [THINKING_balanced] SUBJECT grouping  (groups=8, MIN_N=1)
group sizes: Algebra:61, Counting & Probability:61, Geometry:61, Intermediate Algebra:61, Number Theory:61, Other:61, Prealgebra:61, Precalculus:61
- within_mean cos = +0.334 | between_mean cos = +0.157 | gap = +0.177
- permutation p(gap >= obs) = 0.0050  (N_PERM=200, label shuffle)
- centroid cosine matrix:
```
                        AlgebraCounting & ProbabilityGeometryIntermediate AlgebraNumber Theory   OtherPrealgebraPrecalculus
                Algebra   1.000  -0.157   0.270   0.532   0.264  -0.171   0.328   0.392
 Counting & Probability  -0.157   1.000   0.253  -0.389   0.378  -0.037   0.418  -0.216
               Geometry   0.270   0.253   1.000   0.072   0.131  -0.077   0.306   0.375
   Intermediate Algebra   0.532  -0.389   0.072   1.000   0.159   0.157   0.131   0.657
          Number Theory   0.264   0.378   0.131   0.159   1.000  -0.246   0.575  -0.076
                  Other  -0.171  -0.037  -0.077   0.157  -0.246   1.000  -0.081   0.359
             Prealgebra   0.328   0.418   0.306   0.131   0.575  -0.081   1.000   0.080
            Precalculus   0.392  -0.216   0.375   0.657  -0.076   0.359   0.080   1.000
```

(gen_len-balanced subsample N=117)

### [THINKING_balanced] LEVEL grouping  (groups=7, MIN_N=1)
group sizes: 1:17, 2:17, 3:17, 4:17, 5:17, 6:17, 7:15
- within_mean cos = +0.417 | between_mean cos = +0.126 | gap = +0.291
- permutation p(gap >= obs) = 0.0050  (N_PERM=200, label shuffle)
- centroid cosine matrix:
```
               1       2       3       4       5       6       7
       1   1.000   0.721   0.437   0.084  -0.043  -0.548  -0.399
       2   0.721   1.000   0.434   0.160  -0.027  -0.471  -0.330
       3   0.437   0.434   1.000   0.377   0.393   0.010  -0.091
       4   0.084   0.160   0.377   1.000   0.428   0.152   0.101
       5  -0.043  -0.027   0.393   0.428   1.000   0.481   0.148
       6  -0.548  -0.471   0.010   0.152   0.481   1.000   0.619
       7  -0.399  -0.330  -0.091   0.101   0.148   0.619   1.000
```
- ORDINALITY: ρ( centroid_cos , -|level_a-level_b| ) = +0.937  (positive => adjacent levels more similar)

## ===== FAITHFUL :: CENTERED (primary) =====

### [FAITHFUL] SUBJECT grouping  (groups=8, MIN_N=1)
group sizes: Algebra:210, Counting & Probability:210, Geometry:187, Intermediate Algebra:180, Number Theory:210, Other:180, Prealgebra:90, Precalculus:150
- within_mean cos = +0.154 | between_mean cos = -0.118 | gap = +0.272
- permutation p(gap >= obs) = 0.0050  (N_PERM=200, label shuffle)
- centroid cosine matrix:
```
                        AlgebraCounting & ProbabilityGeometryIntermediate AlgebraNumber Theory   OtherPrealgebraPrecalculus
                Algebra   1.000  -0.510  -0.354   0.158   0.118  -0.624   0.684  -0.239
 Counting & Probability  -0.510   1.000  -0.104  -0.437   0.171   0.285  -0.419  -0.200
               Geometry  -0.354  -0.104   1.000  -0.118  -0.413   0.148  -0.209   0.122
   Intermediate Algebra   0.158  -0.437  -0.118   1.000  -0.226   0.011  -0.007   0.203
          Number Theory   0.118   0.171  -0.413  -0.226   1.000  -0.377   0.187  -0.365
                  Other  -0.624   0.285   0.148   0.011  -0.377   1.000  -0.778   0.338
             Prealgebra   0.684  -0.419  -0.209  -0.007   0.187  -0.778   1.000  -0.338
            Precalculus  -0.239  -0.200   0.122   0.203  -0.365   0.338  -0.338   1.000
```
- heatmap: heatmap_subject_FAITHFUL_pilot2.png

### [FAITHFUL] LEVEL grouping  (groups=7, MIN_N=1)
group sizes: 1:127, 2:240, 3:240, 4:210, 5:210, 6:210, 7:180
- within_mean cos = +0.311 | between_mean cos = -0.134 | gap = +0.445
- permutation p(gap >= obs) = 0.0050  (N_PERM=200, label shuffle)
- centroid cosine matrix:
```
               1       2       3       4       5       6       7
       1   1.000   0.966   0.826   0.382  -0.896  -0.901  -0.877
       2   0.966   1.000   0.920   0.520  -0.894  -0.942  -0.938
       3   0.826   0.920   1.000   0.702  -0.790  -0.897  -0.932
       4   0.382   0.520   0.702   1.000  -0.428  -0.539  -0.617
       5  -0.896  -0.894  -0.790  -0.428   1.000   0.801   0.772
       6  -0.901  -0.942  -0.897  -0.539   0.801   1.000   0.947
       7  -0.877  -0.938  -0.932  -0.617   0.772   0.947   1.000
```
- ORDINALITY: ρ( centroid_cos , -|level_a-level_b| ) = +0.847  (positive => adjacent levels more similar)
- heatmap: heatmap_level_FAITHFUL_pilot2.png

### [FAITHFUL] UNIT (subject×level) grouping  (groups=47, MIN_N=10)
group sizes: Algebra|L1:30, Algebra|L2:30, Algebra|L3:30, Algebra|L4:30, Algebra|L5:30, Algebra|L6:30, Algebra|L7:30, Counting & Probability|L1:30, Counting & Probability|L2:30, Counting & Probability|L3:30, Counting & Probability|L4:30, Counting & Probability|L5:30, Counting & Probability|L6:30, Counting & Probability|L7:30, Geometry|L2:30, Geometry|L3:30, Geometry|L4:30, Geometry|L5:30, Geometry|L6:30, Geometry|L7:30, Intermediate Algebra|L2:30, Intermediate Algebra|L3:30, Intermediate Algebra|L4:30, Intermediate Algebra|L5:30, Intermediate Algebra|L6:30, Intermediate Algebra|L7:30, Number Theory|L1:30, Number Theory|L2:30, Number Theory|L3:30, Number Theory|L4:30, Number Theory|L5:30, Number Theory|L6:30, Number Theory|L7:30, Other|L2:30, Other|L3:30, Other|L4:30, Other|L5:30, Other|L6:30, Other|L7:30, Prealgebra|L1:30, Prealgebra|L2:30, Prealgebra|L3:30, Precalculus|L2:30, Precalculus|L3:30, Precalculus|L4:30, Precalculus|L5:30, Precalculus|L6:30
- within_mean cos = +0.360 | between_mean cos = +0.011 | gap = +0.349
- permutation p(gap >= obs) = 0.0050  (N_PERM=200, label shuffle)
- centroid cosine matrix:
```
                          Algebra|L1Algebra|L2Algebra|L3Algebra|L4Algebra|L5Algebra|L6Algebra|L7Counting & Probability|L1Counting & Probability|L2Counting & Probability|L3Counting & Probability|L4Counting & Probability|L5Counting & Probability|L6Counting & Probability|L7Geometry|L2Geometry|L3Geometry|L4Geometry|L5Geometry|L6Geometry|L7Intermediate Algebra|L2Intermediate Algebra|L3Intermediate Algebra|L4Intermediate Algebra|L5Intermediate Algebra|L6Intermediate Algebra|L7Number Theory|L1Number Theory|L2Number Theory|L3Number Theory|L4Number Theory|L5Number Theory|L6Number Theory|L7Other|L2Other|L3Other|L4Other|L5Other|L6Other|L7Prealgebra|L1Prealgebra|L2Prealgebra|L3Precalculus|L2Precalculus|L3Precalculus|L4Precalculus|L5Precalculus|L6
                Algebra|L1   1.000   0.945   0.784   0.691  -0.425  -0.754  -0.753   0.917   0.845   0.477  -0.299  -0.591  -0.713  -0.770   0.838   0.787  -0.454  -0.575  -0.462  -0.783   0.933   0.531   0.592   0.441  -0.746  -0.766   0.906   0.887   0.607   0.468  -0.709  -0.698  -0.680   0.531   0.577  -0.267  -0.393  -0.746  -0.774   0.928   0.870   0.564   0.848   0.666  -0.309  -0.707  -0.754
                Algebra|L2   0.945   1.000   0.854   0.797  -0.406  -0.817  -0.816   0.934   0.892   0.527  -0.302  -0.631  -0.785  -0.851   0.881   0.878  -0.437  -0.580  -0.426  -0.856   0.955   0.545   0.687   0.544  -0.797  -0.837   0.935   0.924   0.682   0.549  -0.777  -0.754  -0.722   0.569   0.654  -0.248  -0.404  -0.809  -0.856   0.944   0.927   0.649   0.909   0.770  -0.290  -0.759  -0.816
                Algebra|L3   0.784   0.854   1.000   0.936  -0.248  -0.800  -0.789   0.770   0.826   0.575  -0.228  -0.614  -0.796  -0.874   0.810   0.910  -0.228  -0.455  -0.216  -0.845   0.870   0.632   0.872   0.729  -0.734  -0.827   0.793   0.826   0.600   0.638  -0.773  -0.725  -0.669   0.721   0.840  -0.063  -0.314  -0.770  -0.887   0.833   0.861   0.785   0.900   0.835  -0.192  -0.709  -0.778
                Algebra|L4   0.691   0.797   0.936   1.000  -0.203  -0.746  -0.737   0.708   0.767   0.583  -0.185  -0.547  -0.739  -0.822   0.743   0.856  -0.188  -0.409  -0.167  -0.803   0.802   0.574   0.869   0.762  -0.680  -0.772   0.732   0.768   0.618   0.681  -0.721  -0.673  -0.597   0.649   0.801  -0.052  -0.267  -0.720  -0.840   0.743   0.800   0.792   0.807   0.784  -0.136  -0.658  -0.735
                Algebra|L5  -0.425  -0.406  -0.248  -0.203   1.000   0.354   0.366  -0.442  -0.385  -0.245   0.139   0.261   0.289   0.311  -0.348  -0.301   0.320   0.236   0.274   0.332  -0.387  -0.138  -0.150  -0.074   0.384   0.331  -0.456  -0.410  -0.271  -0.136   0.333   0.365   0.308  -0.151  -0.167   0.215   0.170   0.350   0.317  -0.431  -0.357  -0.111  -0.345  -0.213   0.187   0.346   0.340
                Algebra|L6  -0.754  -0.817  -0.800  -0.746   0.354   1.000   0.800  -0.791  -0.825  -0.520   0.309   0.631   0.762   0.825  -0.812  -0.852   0.336   0.482   0.325   0.824  -0.816  -0.453  -0.684  -0.551   0.771   0.805  -0.795  -0.787  -0.579  -0.493   0.770   0.739   0.676  -0.590  -0.688   0.136   0.354   0.755   0.850  -0.805  -0.831  -0.654  -0.841  -0.746   0.269   0.740   0.800
                Algebra|L7  -0.753  -0.816  -0.789  -0.737   0.366   0.800   1.000  -0.787  -0.816  -0.525   0.256   0.587   0.751   0.824  -0.798  -0.830   0.371   0.453   0.333   0.806  -0.807  -0.485  -0.656  -0.543   0.765   0.802  -0.801  -0.795  -0.564  -0.482   0.764   0.717   0.683  -0.559  -0.653   0.125   0.365   0.771   0.831  -0.803  -0.826  -0.648  -0.822  -0.719   0.276   0.730   0.788
 Counting & Probability|L1   0.917   0.934   0.770   0.708  -0.442  -0.791  -0.787   1.000   0.941   0.600  -0.240  -0.574  -0.725  -0.793   0.870   0.827  -0.444  -0.603  -0.468  -0.808   0.910   0.465   0.582   0.432  -0.784  -0.800   0.937   0.906   0.633   0.476  -0.745  -0.727  -0.691   0.525   0.576  -0.252  -0.389  -0.768  -0.804   0.934   0.924   0.626   0.853   0.677  -0.340  -0.743  -0.795
 Counting & Probability|L2   0.845   0.892   0.826   0.767  -0.385  -0.825  -0.816   0.941   1.000   0.693  -0.196  -0.558  -0.758  -0.830   0.902   0.899  -0.366  -0.591  -0.411  -0.837   0.882   0.470   0.644   0.513  -0.794  -0.832   0.913   0.905   0.653   0.525  -0.779  -0.737  -0.703   0.563   0.651  -0.164  -0.380  -0.781  -0.849   0.896   0.944   0.744   0.867   0.722  -0.347  -0.758  -0.824
 Counting & Probability|L3   0.477   0.527   0.575   0.583  -0.245  -0.520  -0.525   0.600   0.693   1.000   0.047  -0.235  -0.416  -0.499   0.574   0.582  -0.199  -0.373  -0.236  -0.534   0.526   0.288   0.467   0.383  -0.506  -0.527   0.591   0.611   0.473   0.450  -0.459  -0.422  -0.401   0.368   0.454  -0.098  -0.203  -0.476  -0.538   0.540   0.604   0.619   0.496   0.397  -0.240  -0.498  -0.544
 Counting & Probability|L4  -0.299  -0.302  -0.228  -0.185   0.139   0.309   0.256  -0.240  -0.196   0.047   1.000   0.328   0.376   0.303  -0.285  -0.290   0.125   0.123   0.101   0.277  -0.327  -0.221  -0.245  -0.188   0.240   0.238  -0.241  -0.212  -0.122  -0.056   0.304   0.312   0.266  -0.196  -0.267  -0.009   0.107   0.272   0.289  -0.294  -0.243  -0.089  -0.337  -0.336   0.002   0.238   0.254
 Counting & Probability|L5  -0.591  -0.631  -0.614  -0.547   0.261   0.631   0.587  -0.574  -0.558  -0.235   0.328   1.000   0.660   0.651  -0.596  -0.635   0.265   0.324   0.229   0.615  -0.645  -0.421  -0.557  -0.396   0.571   0.595  -0.575  -0.556  -0.347  -0.274   0.605   0.628   0.558  -0.480  -0.560   0.081   0.245   0.578   0.632  -0.635  -0.609  -0.399  -0.680  -0.624   0.150   0.552   0.579
