# ΔA Group-Similarity Analysis — pilot

- N = **1541**, subjects=8, levels=[1, 2, 3, 4, 5, 6, 7, 8], units(n>= 10)=57

## METHOD
similarity_analysis.py
======================
Group-centroid SIMILARITY analysis of activation-shifts (ΔA) for the
thinking-mode pilot.  Measures how similar groups are to each other along
three groupings:

  (1) UNIT    = (subject, level) cell  (cells with n >= MIN_N)
  (2) SUBJECT = 8 canonical subjects
  (3) LEVEL   = 1..8 (ordinal)

METHOD (mirrored verbatim into the report)
------------------------------------------
Representation:
  Each problem i -> ΔA_i ∈ R^(36 x 12288). We analyze BOTH `dA_thinking`
  and `dA_faithful`. Similarity is computed on the LAYER-AVERAGED cosine,
  i.e. for two vectors we average the per-layer cosine over all 36 layers
  (each layer's 12288-d vector is L2-normalized before the dot product).
  This avoids a few high-norm layers dominating a flattened 442k-d cosine.

Common-component removal (CENTERING):
  ΔA has a dominant shared direction (in prior unit_analysis, within- and
  between-unit cosines were both ~+0.9). Raw centroid cosines are therefore
  ~1 everywhere and uninformative. We report TWO variants:
    - raw      : centroids computed on ΔA_i directly
    - centered : subtract the GLOBAL mean μ = mean_i(ΔA_i) from every ΔA_i
                 first (per layer), then compute centroids. This is the
                 PRIMARY result; raw is shown for transparency.

Group centroid:
  For a group g, centroid C_g[l] = mean over members i∈g of (ΔA_i[l]).
  (On centered data this is the mean of centered vectors.)

Similarity matrix:
  S[g,h] = mean_l cos( C_g[l], C_h[l] )   (layer-averaged cosine of centroids)

Separability (is the grouping meaningful?):
  within(g)  = mean over members i∈g of layer-avg cos(ΔA_i, C_g)
  between    = mean over g!=h of layer-avg cos(C_g, C_h)
  gap = within_mean - between_mean   (higher => groups internally coherent
        and mutually distinct).

Ordinality (LEVEL only):
  Since level is ordinal we test whether adjacent levels are more similar:
  Spearman ρ between S[a,b] (off-diagonal centroid cosine) and -|a-b|.
  Positive ρ => closer levels look more alike.

Significance (permutation test):
  Null = shuffle group labels (LABEL permutation) N_PERM times; recompute
  `gap`. p = fraction of permuted gaps >= observed gap. Reported per grouping.

Length-confound robustness:
  Centroid cosines may merely reflect gen_len differences. We recompute the
  centered SUBJECT and LEVEL matrices on a gen_len-balanced subsample
  (stratify by gen_len quintile, take min per-quintile count per group when
  feasible) and report whether the separability gap survives.

OUTPUTS (analysis/ dir)
  - REPORT_similarity_<tag>.md   (this method text + all matrices + verdict)
  - sim_matrices_<tag>.npz       (raw/centered x thinking/faithful matrices)
  - heatmap_{subject,level,unit}_<tag>.png

CPU only. Memory: fp16 (N,36,12288)*2 ~ 2.7 GB.

## ===== THINKING :: CENTERED (primary) =====

### [THINKING] SUBJECT grouping  (groups=8, MIN_N=1)
group sizes: Algebra:201, Counting & Probability:212, Geometry:211, Intermediate Algebra:199, Number Theory:224, Other:206, Prealgebra:103, Precalculus:185
- within_mean cos = +0.226 | between_mean cos = -0.128 | gap = +0.354
- permutation p(gap >= obs) = 0.0050  (N_PERM=200, label shuffle)
- centroid cosine matrix:
```
                        AlgebraCounting & ProbabilityGeometryIntermediate AlgebraNumber Theory   OtherPrealgebraPrecalculus
                Algebra   1.000  -0.418  -0.184   0.275  -0.094  -0.246   0.280   0.010
 Counting & Probability  -0.418   1.000   0.137  -0.602   0.488  -0.389   0.044  -0.640
               Geometry  -0.184   0.137   1.000  -0.231  -0.107  -0.426   0.045   0.001
   Intermediate Algebra   0.275  -0.602  -0.231   1.000  -0.311   0.049  -0.436   0.640
          Number Theory  -0.094   0.488  -0.107  -0.311   1.000  -0.459   0.004  -0.639
                  Other  -0.246  -0.389  -0.426   0.049  -0.459   1.000  -0.267   0.259
             Prealgebra   0.280   0.044   0.045  -0.436   0.004  -0.267   1.000  -0.372
            Precalculus   0.010  -0.640   0.001   0.640  -0.639   0.259  -0.372   1.000
```
- heatmap: heatmap_subject_THINKING_pilot.png

### [THINKING] LEVEL grouping  (groups=8, MIN_N=1)
group sizes: 1:199, 2:227, 3:233, 4:216, 5:200, 6:203, 7:201, 8:62
- within_mean cos = +0.323 | between_mean cos = -0.110 | gap = +0.433
- permutation p(gap >= obs) = 0.0050  (N_PERM=200, label shuffle)
- centroid cosine matrix:
```
               1       2       3       4       5       6       7       8
       1   1.000   0.904   0.572  -0.267  -0.883  -0.929  -0.803  -0.677
       2   0.904   1.000   0.783  -0.043  -0.801  -0.950  -0.906  -0.829
       3   0.572   0.783   1.000   0.429  -0.425  -0.698  -0.905  -0.883
       4  -0.267  -0.043   0.429   1.000   0.413   0.104  -0.263  -0.370
       5  -0.883  -0.801  -0.425   0.413   1.000   0.851   0.585   0.433
       6  -0.929  -0.950  -0.698   0.104   0.851   1.000   0.829   0.719
       7  -0.803  -0.906  -0.905  -0.263   0.585   0.829   1.000   0.921
       8  -0.677  -0.829  -0.883  -0.370   0.433   0.719   0.921   1.000
```
- ORDINALITY: ρ( centroid_cos , -|level_a-level_b| ) = +0.849  (positive => adjacent levels more similar)
- heatmap: heatmap_level_THINKING_pilot.png

### [THINKING] UNIT (subject×level) grouping  (groups=57, MIN_N=10)
group sizes: Algebra|L1:27, Algebra|L2:30, Algebra|L3:29, Algebra|L4:29, Algebra|L5:28, Algebra|L6:29, Algebra|L7:29, Counting & Probability|L1:30, Counting & Probability|L2:28, Counting & Probability|L3:29, Counting & Probability|L4:29, Counting & Probability|L5:28, Counting & Probability|L6:28, Counting & Probability|L7:30, Counting & Probability|L8:10, Geometry|L1:29, Geometry|L2:28, Geometry|L3:29, Geometry|L4:30, Geometry|L5:28, Geometry|L6:29, Geometry|L7:30, Intermediate Algebra|L1:16, Intermediate Algebra|L2:29, Intermediate Algebra|L3:29, Intermediate Algebra|L4:29, Intermediate Algebra|L5:28, Intermediate Algebra|L6:29, Intermediate Algebra|L7:28, Intermediate Algebra|L8:11, Number Theory|L1:27, Number Theory|L2:29, Number Theory|L3:30, Number Theory|L4:27, Number Theory|L5:30, Number Theory|L6:30, Number Theory|L7:29, Number Theory|L8:22, Other|L1:23, Other|L2:27, Other|L3:29, Other|L4:29, Other|L5:29, Other|L6:29, Other|L7:29, Other|L8:11, Prealgebra|L1:29, Prealgebra|L2:29, Prealgebra|L3:29, Prealgebra|L4:16, Precalculus|L1:18, Precalculus|L2:27, Precalculus|L3:29, Precalculus|L4:27, Precalculus|L5:29, Precalculus|L6:29, Precalculus|L7:26
- within_mean cos = +0.441 | between_mean cos = -0.012 | gap = +0.453
- permutation p(gap >= obs) = 0.0050  (N_PERM=200, label shuffle)
- centroid cosine matrix:
```
                          Algebra|L1Algebra|L2Algebra|L3Algebra|L4Algebra|L5Algebra|L6Algebra|L7Counting & Probability|L1Counting & Probability|L2Counting & Probability|L3Counting & Probability|L4Counting & Probability|L5Counting & Probability|L6Counting & Probability|L7Counting & Probability|L8Geometry|L1Geometry|L2Geometry|L3Geometry|L4Geometry|L5Geometry|L6Geometry|L7Intermediate Algebra|L1Intermediate Algebra|L2Intermediate Algebra|L3Intermediate Algebra|L4Intermediate Algebra|L5Intermediate Algebra|L6Intermediate Algebra|L7Intermediate Algebra|L8Number Theory|L1Number Theory|L2Number Theory|L3Number Theory|L4Number Theory|L5Number Theory|L6Number Theory|L7Number Theory|L8Other|L1Other|L2Other|L3Other|L4Other|L5Other|L6Other|L7Other|L8Prealgebra|L1Prealgebra|L2Prealgebra|L3Prealgebra|L4Precalculus|L1Precalculus|L2Precalculus|L3Precalculus|L4Precalculus|L5Precalculus|L6Precalculus|L7
                Algebra|L1   1.000   0.783   0.392  -0.124  -0.320  -0.627  -0.727   0.727   0.468  -0.082  -0.324  -0.657  -0.657  -0.663  -0.601   0.786   0.649   0.530  -0.132  -0.572  -0.660  -0.620   0.821   0.813   0.525   0.032  -0.420  -0.613  -0.677  -0.608   0.733   0.625   0.391  -0.146  -0.615  -0.562  -0.659  -0.573   0.352   0.409   0.144   0.165  -0.080  -0.520  -0.557  -0.508   0.804   0.642   0.067  -0.458   0.734   0.736   0.360   0.047  -0.500  -0.593  -0.681
                Algebra|L2   0.783   1.000   0.714   0.111  -0.078  -0.597  -0.796   0.674   0.663   0.131  -0.079  -0.607  -0.667  -0.702  -0.656   0.744   0.800   0.728   0.098  -0.466  -0.601  -0.713   0.706   0.773   0.621   0.026  -0.439  -0.692  -0.750  -0.715   0.673   0.713   0.672   0.067  -0.509  -0.464  -0.787  -0.727   0.181   0.270   0.039   0.101  -0.074  -0.552  -0.720  -0.692   0.685   0.786   0.363  -0.294   0.567   0.606   0.309   0.059  -0.396  -0.579  -0.759
                Algebra|L3   0.392   0.714   1.000   0.500   0.309  -0.229  -0.572   0.364   0.607   0.396   0.215  -0.433  -0.439  -0.592  -0.434   0.396   0.593   0.591   0.328  -0.179  -0.327  -0.704   0.236   0.322   0.469   0.139  -0.214  -0.548  -0.572  -0.581   0.428   0.587   0.804   0.466  -0.121  -0.080  -0.671  -0.712  -0.025  -0.009  -0.103  -0.036   0.016  -0.244  -0.662  -0.727   0.470   0.736   0.583  -0.066   0.121   0.162   0.083  -0.006  -0.171  -0.308  -0.666
                Algebra|L4  -0.124   0.111   0.500   1.000   0.692   0.394  -0.116  -0.222  -0.056   0.213  -0.018  -0.196  -0.225  -0.390  -0.153  -0.190   0.035   0.205   0.431   0.248   0.134  -0.408  -0.288  -0.180   0.389   0.593   0.419  -0.030   0.057  -0.160  -0.190  -0.082   0.276   0.421   0.161   0.170  -0.285  -0.432  -0.047  -0.018   0.022  -0.057   0.192   0.149  -0.161  -0.391   0.040   0.175   0.154   0.007  -0.321  -0.135   0.169   0.379   0.442   0.314  -0.212
                Algebra|L5  -0.320  -0.078   0.309   0.692   1.000   0.546   0.146  -0.392  -0.183   0.024   0.034  -0.028  -0.068  -0.148   0.038  -0.383  -0.155   0.021   0.443   0.377   0.322  -0.152  -0.367  -0.282   0.187   0.411   0.489   0.243   0.258   0.040  -0.371  -0.233   0.109   0.376   0.269   0.388  -0.037  -0.197  -0.283  -0.178  -0.058  -0.130   0.225   0.175   0.058  -0.245  -0.290  -0.101   0.049   0.055  -0.401  -0.258   0.088   0.295   0.567   0.532   0.046
                Algebra|L6  -0.627  -0.597  -0.229   0.394   0.546   1.000   0.622  -0.684  -0.591  -0.080  -0.019   0.250   0.315   0.323   0.461  -0.719  -0.620  -0.489   0.090   0.504   0.532   0.330  -0.636  -0.603  -0.167   0.338   0.656   0.582   0.749   0.541  -0.641  -0.609  -0.359   0.203   0.523   0.477   0.493   0.312  -0.359  -0.324  -0.110  -0.259   0.170   0.505   0.525   0.314  -0.560  -0.567  -0.329   0.089  -0.603  -0.520  -0.166   0.162   0.579   0.728   0.540
                Algebra|L7  -0.727  -0.796  -0.572  -0.116   0.146   0.622   1.000  -0.715  -0.648  -0.185   0.089   0.609   0.681   0.742   0.660  -0.752  -0.784  -0.761  -0.167   0.411   0.569   0.753  -0.676  -0.722  -0.623  -0.089   0.434   0.733   0.731   0.733  -0.658  -0.663  -0.585   0.020   0.570   0.565   0.828   0.766  -0.375  -0.437  -0.199  -0.286  -0.070   0.523   0.729   0.656  -0.700  -0.735  -0.296   0.360  -0.641  -0.698  -0.407  -0.193   0.315   0.576   0.783
 Counting & Probability|L1   0.727   0.674   0.364  -0.222  -0.392  -0.684  -0.715   1.000   0.763   0.227   0.010  -0.430  -0.482  -0.507  -0.498   0.810   0.709   0.542  -0.102  -0.566  -0.664  -0.565   0.713   0.670   0.348  -0.210  -0.579  -0.692  -0.702  -0.573   0.763   0.708   0.494  -0.101  -0.499  -0.527  -0.628  -0.530   0.324   0.265   0.011   0.089  -0.127  -0.512  -0.624  -0.481   0.732   0.624   0.241  -0.382   0.712   0.581   0.168  -0.126  -0.628  -0.719  -0.698
 Counting & Probability|L2   0.468   0.663   0.607  -0.056  -0.183  -0.591  -0.648   0.763   1.000   0.525   0.413  -0.237  -0.316  -0.389  -0.408   0.635   0.727   0.559   0.094  -0.387  -0.504  -0.535   0.463   0.465   0.232  -0.305  -0.608  -0.679  -0.715  -0.597   0.646   0.731   0.701   0.209  -0.276  -0.291  -0.612  -0.558   0.073   0.047  -0.094   0.018  -0.114  -0.437  -0.708  -0.559   0.500   0.687   0.558  -0.131   0.387   0.306  -0.037  -0.275  -0.514  -0.656  -0.683
 Counting & Probability|L3  -0.082   0.131   0.396   0.213   0.024  -0.080  -0.185   0.227   0.525   1.000   0.689   0.268   0.210   0.029   0.062   0.061   0.185   0.093   0.105  -0.053  -0.145  -0.205  -0.160  -0.162   0.009  -0.102  -0.261  -0.349  -0.240  -0.127   0.119   0.286   0.517   0.360   0.286   0.169  -0.182  -0.215  -0.072  -0.287  -0.323  -0.215  -0.124  -0.060  -0.449  -0.225   0.219   0.343   0.442   0.178  -0.209  -0.273  -0.329  -0.311  -0.205  -0.210  -0.312
 Counting & Probability|L4  -0.324  -0.079   0.215  -0.018   0.034  -0.019   0.089   0.010   0.413   0.689   1.000   0.510   0.457   0.349   0.270  -0.136   0.032  -0.061   0.156   0.137   0.104   0.115  -0.289  -0.298  -0.306  -0.374  -0.261  -0.069  -0.098   0.031  -0.051   0.123   0.339   0.379   0.435   0.360   0.088   0.072  -0.350  -0.486  -0.423  -0.297  -0.194  -0.013  -0.226  -0.034  -0.190   0.111   0.459   0.401  -0.336  -0.459  -0.489  -0.488  -0.130  -0.097  -0.000
 Counting & Probability|L5  -0.657  -0.607  -0.433  -0.196  -0.028   0.250   0.609  -0.430  -0.237   0.268   0.510   1.000   0.831   0.781   0.580  -0.509  -0.502  -0.547  -0.060   0.354   0.439   0.682  -0.585  -0.645  -0.660  -0.339   0.068   0.459   0.411   0.514  -0.528  -0.473  -0.343   0.007   0.574   0.525   0.635   0.651  -0.361  -0.537  -0.401  -0.343  -0.291   0.208   0.324   0.521  -0.532  -0.458   0.036   0.565  -0.577  -0.695  -0.504  -0.397   0.150   0.328   0.573
 Counting & Probability|L6  -0.657  -0.667  -0.439  -0.225  -0.068   0.315   0.681  -0.482  -0.316   0.210   0.457   0.831   1.000   0.823   0.671  -0.547  -0.569  -0.619  -0.113   0.351   0.449   0.706  -0.618  -0.688  -0.682  -0.311   0.099   0.490   0.450   0.589  -0.525  -0.486  -0.368   0.033   0.641   0.576   0.703   0.709  -0.378  -0.576  -0.425  -0.374  -0.294   0.285   0.385   0.568  -0.531  -0.495  -0.022   0.527  -0.596  -0.743  -0.537  -0.440   0.100   0.348   0.609
 Counting & Probability|L7  -0.663  -0.702  -0.592  -0.390  -0.148   0.323   0.742  -0.507  -0.389   0.029   0.349   0.781   0.823   1.000   0.711  -0.565  -0.611  -0.665  -0.214   0.318   0.468   0.811  -0.544  -0.624  -0.734  -0.408   0.072   0.536   0.541   0.668  -0.531  -0.523  -0.488  -0.090   0.526   0.470   0.785   0.800  -0.369  -0.495  -0.330  -0.311  -0.200   0.319   0.523   0.703  -0.633  -0.615  -0.118   0.463  -0.521  -0.664  -0.539  -0.415   0.090   0.331   0.722
 Counting & Probability|L8  -0.601  -0.656  -0.434  -0.153   0.038   0.461   0.660  -0.498  -0.408   0.062   0.270   0.580   0.671   0.711   1.000  -0.580  -0.582  -0.597  -0.111   0.268   0.460   0.559  -0.555  -0.610  -0.516  -0.199   0.195   0.434   0.594   0.683  -0.497  -0.485  -0.358   0.016   0.528   0.490   0.667   0.630  -0.291  -0.438  -0.288  -0.289  -0.054   0.421   0.443   0.577  -0.524  -0.547  -0.181   0.274  -0.509  -0.633  -0.470  -0.315   0.138   0.381   0.588
               Geometry|L1   0.786   0.744   0.396  -0.190  -0.383  -0.719  -0.752   0.810   0.635   0.061  -0.136  -0.509  -0.547  -0.565  -0.580   1.000   0.869   0.705   0.014  -0.425  -0.559  -0.525   0.724   0.703   0.362  -0.206  -0.578  -0.682  -0.721  -0.634   0.729   0.647   0.442  -0.151  -0.573  -0.568  -0.678  -0.571   0.324   0.287   0.016   0.099  -0.203  -0.592  -0.652  -0.511   0.727   0.683   0.284  -0.327   0.686   0.626   0.226  -0.081  -0.529  -0.662  -0.684
               Geometry|L2   0.649   0.800   0.593   0.035  -0.155  -0.620  -0.784   0.709   0.727   0.185   0.032  -0.502  -0.569  -0.611  -0.582   0.869   1.000   0.847   0.260  -0.283  -0.460  -0.598   0.623   0.669   0.474  -0.126  -0.524  -0.684  -0.720  -0.678   0.647   0.661   0.613   0.057  -0.467  -0.445  -0.742  -0.686   0.148   0.171  -0.066   0.024  -0.176  -0.611  -0.749  -0.662   0.602   0.751   0.402  -0.287   0.549   0.538   0.234  -0.043  -0.387  -0.573  -0.711
               Geometry|L3   0.530   0.728   0.591   0.205   0.021  -0.489  -0.761   0.542   0.559   0.093  -0.061  -0.547  -0.619  -0.665  -0.597   0.705   0.847   1.000   0.466  -0.180  -0.360  -0.633   0.502   0.584   0.546   0.101  -0.346  -0.607  -0.609  -0.673   0.422   0.471   0.489  -0.018  -0.503  -0.499  -0.760  -0.724   0.180   0.305   0.095   0.196  -0.011  -0.493  -0.651  -0.661   0.487   0.693   0.326  -0.260   0.470   0.552   0.416   0.244  -0.161  -0.441  -0.640
               Geometry|L4  -0.132   0.098   0.328   0.431   0.443   0.090  -0.167  -0.102   0.094   0.105   0.156  -0.060  -0.113  -0.214  -0.111   0.014   0.260   0.466   1.000   0.498   0.368  -0.137  -0.184  -0.085   0.182   0.220   0.110  -0.023  -0.088  -0.213  -0.224  -0.074   0.162   0.213   0.026   0.070  -0.244  -0.292  -0.215  -0.160  -0.154  -0.068  -0.030  -0.173  -0.251  -0.366  -0.121   0.197   0.236   0.091  -0.153  -0.062   0.138   0.175   0.387   0.184  -0.067
               Geometry|L5  -0.572  -0.466  -0.179   0.248   0.377   0.504   0.411  -0.566  -0.387  -0.053   0.137   0.354   0.351   0.318   0.268  -0.425  -0.283  -0.180   0.498   1.000   0.770   0.463  -0.552  -0.523  -0.275   0.076   0.382   0.473   0.409   0.283  -0.583  -0.513  -0.286   0.139   0.390   0.418   0.332   0.242  -0.419  -0.455  -0.295  -0.299  -0.141   0.096   0.265   0.167  -0.548  -0.377  -0.043   0.321  -0.518  -0.472  -0.156   0.003   0.594   0.608   0.485
               Geometry|L6  -0.660  -0.601  -0.327   0.134   0.322   0.532   0.569  -0.664  -0.504  -0.145   0.104   0.439   0.449   0.468   0.460  -0.559  -0.460  -0.360   0.368   0.770   1.000   0.602  -0.624  -0.628  -0.419  -0.059   0.402   0.560   0.531   0.438  -0.632  -0.593  -0.393   0.097   0.429   0.448   0.498   0.416  -0.379  -0.425  -0.230  -0.243  -0.091   0.285   0.421   0.344  -0.667  -0.534  -0.098   0.388  -0.568  -0.574  -0.290  -0.070   0.568   0.611   0.630
               Geometry|L7  -0.620  -0.713  -0.704  -0.408  -0.152   0.330   0.753  -0.565  -0.535  -0.205   0.115   0.682   0.706   0.811   0.559  -0.525  -0.598  -0.633  -0.137   0.463   0.602   1.000  -0.497  -0.554  -0.678  -0.326   0.183   0.649   0.571   0.640  -0.576  -0.611  -0.643  -0.205   0.419   0.391   0.788   0.804  -0.368  -0.441  -0.280  -0.301  -0.280   0.220   0.583   0.712  -0.656  -0.677  -0.257   0.402  -0.466  -0.560  -0.380  -0.289   0.229   0.451   0.814
   Intermediate Algebra|L1   0.821   0.706   0.236  -0.288  -0.367  -0.636  -0.676   0.713   0.463  -0.160  -0.289  -0.585  -0.618  -0.544  -0.555   0.724   0.623   0.502  -0.184  -0.552  -0.624  -0.497   1.000   0.924   0.503  -0.125  -0.483  -0.578  -0.617  -0.539   0.689   0.595   0.318  -0.274  -0.644  -0.584  -0.592  -0.495   0.258   0.394   0.164   0.193  -0.016  -0.528  -0.500  -0.427   0.605   0.485   0.021  -0.470   0.870   0.816   0.360   0.039  -0.485  -0.582  -0.584
   Intermediate Algebra|L2   0.813   0.773   0.322  -0.180  -0.282  -0.603  -0.722   0.670   0.465  -0.162  -0.298  -0.645  -0.688  -0.624  -0.610   0.703   0.669   0.584  -0.085  -0.523  -0.628  -0.554   0.924   1.000   0.657   0.008  -0.397  -0.557  -0.595  -0.568   0.649   0.616   0.378  -0.201  -0.630  -0.557  -0.632  -0.561   0.208   0.393   0.160   0.168  -0.027  -0.578  -0.536  -0.498   0.573   0.523  -0.009  -0.527   0.805   0.839   0.467   0.139  -0.412  -0.532  -0.611
   Intermediate Algebra|L3   0.525   0.621   0.469   0.389   0.187  -0.167  -0.623   0.348   0.232   0.009  -0.306  -0.660  -0.682  -0.734  -0.516   0.362   0.474   0.546   0.182  -0.275  -0.419  -0.678   0.503   0.657   1.000   0.548   0.091  -0.391  -0.336  -0.423   0.326   0.380   0.420   0.019  -0.381  -0.327  -0.620  -0.659   0.173   0.311   0.163   0.106   0.113  -0.378  -0.492  -0.604   0.473   0.426  -0.148  -0.567   0.426   0.605   0.597   0.453  -0.002  -0.138  -0.559
   Intermediate Algebra|L4   0.032   0.026   0.139   0.593   0.411   0.338  -0.089  -0.210  -0.305  -0.102  -0.374  -0.339  -0.311  -0.408  -0.199  -0.206  -0.126   0.101   0.220   0.076  -0.059  -0.326  -0.125   0.008   0.548   1.000   0.547   0.124   0.160  -0.037  -0.220  -0.198  -0.067   0.033  -0.051  -0.023  -0.159  -0.257   0.111   0.231   0.238   0.121   0.238   0.056   0.027  -0.211   0.112   0.005  -0.381  -0.313  -0.114   0.134   0.505   0.658   0.426   0.361  -0.079
   Intermediate Algebra|L5  -0.420  -0.439  -0.214   0.419   0.489   0.656   0.434  -0.579  -0.608  -0.261  -0.261   0.068   0.099   0.072   0.195  -0.578  -0.524  -0.346   0.110   0.382   0.402   0.183  -0.483  -0.397   0.091   0.547   1.000   0.612   0.593   0.408  -0.534  -0.526  -0.359   0.067   0.291   0.338   0.364   0.224  -0.201  -0.132   0.025  -0.088   0.088   0.291   0.455   0.160  -0.403  -0.498  -0.478  -0.077  -0.429  -0.270   0.193   0.355   0.591   0.654   0.400
   Intermediate Algebra|L6  -0.613  -0.692  -0.548  -0.030   0.243   0.582   0.733  -0.692  -0.679  -0.349  -0.069   0.459   0.490   0.536   0.434  -0.682  -0.684  -0.607  -0.023   0.473   0.560   0.649  -0.578  -0.557  -0.391   0.124   0.612   1.000   0.705   0.624  -0.652  -0.677  -0.623  -0.012   0.462   0.508   0.729   0.660  -0.410  -0.380  -0.179  -0.273  -0.134   0.290   0.687   0.504  -0.681  -0.713  -0.421   0.214  -0.549  -0.513  -0.126   0.022   0.479   0.689   0.754
   Intermediate Algebra|L7  -0.677  -0.750  -0.572   0.057   0.258   0.749   0.731  -0.702  -0.715  -0.240  -0.098   0.411   0.450   0.541   0.594  -0.721  -0.720  -0.609  -0.088   0.409   0.531   0.571  -0.617  -0.595  -0.336   0.160   0.593   0.705   1.000   0.748  -0.712  -0.724  -0.600  -0.061   0.476   0.421   0.711   0.590  -0.291  -0.268  -0.063  -0.222   0.109   0.521   0.720   0.602  -0.664  -0.758  -0.490   0.084  -0.557  -0.511  -0.202   0.081   0.459   0.661   0.715
   Intermediate Algebra|L8  -0.608  -0.715  -0.581  -0.160   0.040   0.541   0.733  -0.573  -0.597  -0.127   0.031   0.514   0.589   0.668   0.683  -0.634  -0.678  -0.673  -0.213   0.283   0.438   0.640  -0.539  -0.568  -0.423  -0.037   0.408   0.624   0.748   1.000  -0.581  -0.606  -0.526  -0.112   0.486   0.454   0.753   0.705  -0.304  -0.385  -0.217  -0.294  -0.049   0.421   0.610   0.639  -0.560  -0.687  -0.411   0.134  -0.488  -0.548  -0.302  -0.150   0.230   0.511   0.689
          Number Theory|L1   0.733   0.673   0.428  -0.190  -0.371  -0.641  -0.658   0.763   0.646   0.119  -0.051  -0.528  -0.525  -0.531  -0.497   0.729   0.647   0.422  -0.224  -0.583  -0.632  -0.576   0.689   0.649   0.326  -0.220  -0.534  -0.652  -0.712  -0.581   1.000   0.870   0.604   0.113  -0.416  -0.404  -0.575  -0.497   0.280   0.246   0.060   0.097  -0.069  -0.403  -0.569  -0.490   0.695   0.589   0.262  -0.358   0.642   0.528   0.086  -0.184  -0.625  -0.717  -0.691
          Number Theory|L2   0.625   0.713   0.587  -0.082  -0.233  -0.609  -0.663   0.708   0.731   0.286   0.123  -0.473  -0.486  -0.523  -0.485   0.647   0.661   0.471  -0.074  -0.513  -0.593  -0.611   0.595   0.616   0.380  -0.198  -0.526  -0.677  -0.724  -0.606   0.870   1.000   0.787   0.276  -0.283  -0.273  -0.597  -0.556   0.170   0.133  -0.037   0.045  -0.059  -0.419  -0.652  -0.587   0.631   0.659   0.407  -0.290   0.524   0.428   0.027  -0.225  -0.593  -0.695  -0.739
          Number Theory|L3   0.391   0.672   0.804   0.276   0.109  -0.359  -0.585   0.494   0.701   0.517   0.339  -0.343  -0.368  -0.488  -0.358   0.442   0.613   0.489   0.162  -0.286  -0.393  -0.643   0.318   0.378   0.420  -0.067  -0.359  -0.623  -0.600  -0.526   0.604   0.787   1.000   0.542  -0.013  -0.003  -0.581  -0.618  -0.010  -0.079  -0.189  -0.101  -0.049  -0.328  -0.702  -0.672   0.497   0.683   0.549  -0.137   0.214   0.162  -0.072  -0.218  -0.373  -0.477  -0.709
          Number Theory|L4  -0.146   0.067   0.466   0.421   0.376   0.203   0.020  -0.101   0.209   0.360   0.379   0.007   0.033  -0.090   0.016  -0.151   0.057  -0.018   0.213   0.139   0.097  -0.205  -0.274  -0.201   0.019   0.033   0.067  -0.012  -0.061  -0.112   0.113   0.276   0.542   1.000   0.470   0.480  -0.022  -0.165  -0.309  -0.369  -0.280  -0.322  -0.047   0.106  -0.140  -0.304  -0.056   0.189   0.376   0.161  -0.344  -0.355  -0.330  -0.253   0.006   0.001  -0.177
          Number Theory|L5  -0.615  -0.509  -0.121   0.161   0.269   0.523   0.570  -0.499  -0.276   0.286   0.435   0.574   0.641   0.526   0.528  -0.573  -0.467  -0.503   0.026   0.390   0.429   0.419  -0.644  -0.630  -0.381  -0.051   0.291   0.462   0.476   0.486  -0.416  -0.283  -0.013   0.470   1.000   0.780   0.580   0.447  -0.512  -0.663  -0.511  -0.547  -0.234   0.272   0.262   0.264  -0.463  -0.378  -0.001   0.334  -0.657  -0.750  -0.479  -0.356   0.189   0.417   0.411
          Number Theory|L6  -0.562  -0.464  -0.080   0.170   0.388   0.477   0.565  -0.527  -0.291   0.169   0.360   0.525   0.576   0.470   0.490  -0.568  -0.445  -0.499   0.070   0.418   0.448   0.391  -0.584  -0.557  -0.327  -0.023   0.338   0.508   0.421   0.454  -0.404  -0.273  -0.003   0.480   0.780   1.000   0.538   0.420  -0.553  -0.669  -0.499  -0.534  -0.236   0.162   0.250   0.188  -0.482  -0.383  -0.024   0.309  -0.634  -0.702  -0.409  -0.326   0.261   0.523   0.395
          Number Theory|L7  -0.659  -0.787  -0.671  -0.285  -0.037   0.493   0.828  -0.628  -0.612  -0.182   0.088   0.635   0.703   0.785   0.667  -0.678  -0.742  -0.760  -0.244   0.332   0.498   0.788  -0.592  -0.632  -0.620  -0.159   0.364   0.729   0.711   0.753  -0.575  -0.597  -0.581  -0.022   0.580   0.538   1.000   0.853  -0.368  -0.458  -0.267  -0.333  -0.183   0.387   0.688   0.707  -0.652  -0.733  -0.349   0.298  -0.545  -0.631  -0.387  -0.275   0.195   0.482   0.784
          Number Theory|L8  -0.573  -0.727  -0.712  -0.432  -0.197   0.312   0.766  -0.530  -0.558  -0.215   0.072   0.651   0.709   0.800   0.630  -0.571  -0.686  -0.724  -0.292   0.242   0.416   0.804  -0.495  -0.561  -0.659  -0.257   0.224   0.660   0.590   0.705  -0.497  -0.556  -0.618  -0.165   0.447   0.420   0.853   1.000  -0.279  -0.384  -0.230  -0.250  -0.217   0.312   0.633   0.738  -0.578  -0.675  -0.316   0.338  -0.444  -0.558  -0.375  -0.292   0.113   0.373   0.770
                  Other|L1   0.352   0.181  -0.025  -0.047  -0.283  -0.359  -0.375   0.324   0.073  -0.072  -0.350  -0.361  -0.378  -0.369  -0.291   0.324   0.148   0.180  -0.215  -0.419  -0.379  -0.368   0.258   0.208   0.173   0.111  -0.201  -0.410  -0.291  -0.304   0.280   0.170  -0.010  -0.309  -0.512  -0.553  -0.368  -0.279   1.000   0.750   0.586   0.583   0.339   0.068  -0.108  -0.065   0.448   0.218  -0.021  -0.200   0.355   0.434   0.243   0.286  -0.217  -0.409  -0.363
                  Other|L2   0.409   0.270  -0.009  -0.018  -0.178  -0.324  -0.437   0.265   0.047  -0.287  -0.486  -0.537  -0.576  -0.495  -0.438   0.287   0.171   0.305  -0.160  -0.455  -0.425  -0.441   0.394   0.393   0.311   0.231  -0.132  -0.380  -0.268  -0.385   0.246   0.133  -0.079  -0.369  -0.663  -0.669  -0.458  -0.384   0.750   1.000   0.841   0.779   0.557   0.076  -0.049  -0.143   0.319   0.167  -0.131  -0.324   0.460   0.650   0.481   0.538  -0.104  -0.357  -0.368
                  Other|L3   0.144   0.039  -0.103   0.022  -0.058  -0.110  -0.199   0.011  -0.094  -0.323  -0.423  -0.401  -0.425  -0.330  -0.288   0.016  -0.066   0.095  -0.154  -0.295  -0.230  -0.280   0.164   0.160   0.163   0.238   0.025  -0.179  -0.063  -0.217   0.060  -0.037  -0.189  -0.280  -0.511  -0.499  -0.267  -0.230   0.586   0.841   1.000   0.806   0.693   0.329   0.177   0.011   0.042  -0.048  -0.172  -0.209   0.234   0.437   0.360   0.527   0.054  -0.177  -0.182
                  Other|L4   0.165   0.101  -0.036  -0.057  -0.130  -0.259  -0.286   0.089   0.018  -0.215  -0.297  -0.343  -0.374  -0.311  -0.289   0.099   0.024   0.196  -0.068  -0.299  -0.243  -0.301   0.193   0.168   0.106   0.121  -0.088  -0.273  -0.222  -0.294   0.097   0.045  -0.101  -0.322  -0.547  -0.534  -0.333  -0.250   0.583   0.779   0.806   1.000   0.631   0.214   0.046  -0.060   0.113   0.098   0.001  -0.068   0.281   0.428   0.319   0.443   0.033  -0.273  -0.231
                  Other|L5  -0.080  -0.074   0.016   0.192   0.225   0.170  -0.070  -0.127  -0.114  -0.124  -0.194  -0.291  -0.294  -0.200  -0.054  -0.203  -0.176  -0.011  -0.030  -0.141  -0.091  -0.280  -0.016  -0.027   0.113   0.238   0.088  -0.134   0.109  -0.049  -0.069  -0.059  -0.049  -0.047  -0.234  -0.236  -0.183  -0.217   0.339   0.557   0.693   0.631   1.000   0.511   0.214   0.010  -0.119  -0.137  -0.083  -0.171   0.042   0.193   0.133   0.421   0.160  -0.002  -0.124
                  Other|L6  -0.520  -0.552  -0.244   0.149   0.175   0.505   0.523  -0.512  -0.437  -0.060  -0.013   0.208   0.285   0.319   0.421  -0.592  -0.611  -0.493  -0.173   0.096   0.285   0.220  -0.528  -0.578  -0.378   0.056   0.291   0.290   0.521   0.421  -0.403  -0.419  -0.328   0.106   0.272   0.162   0.387   0.312   0.068   0.076   0.329   0.214   0.511   1.000   0.621   0.450  -0.433  -0.476  -0.114   0.208  -0.457  -0.435  -0.314   0.063   0.180   0.236   0.350
                  Other|L7  -0.557  -0.720  -0.662  -0.161   0.058   0.525   0.729  -0.624  -0.708  -0.449  -0.226   0.324   0.385   0.523   0.443  -0.652  -0.749  -0.651  -0.251   0.265   0.421   0.583  -0.500  -0.536  -0.492   0.027   0.455   0.687   0.720   0.610  -0.569  -0.652  -0.702  -0.140   0.262   0.250   0.688   0.633  -0.108  -0.049   0.177   0.046   0.214   0.621   1.000   0.689  -0.627  -0.761  -0.458   0.161  -0.420  -0.393  -0.203   0.087   0.307   0.467   0.692
                  Other|L8  -0.508  -0.692  -0.727  -0.391  -0.245   0.314   0.656  -0.481  -0.559  -0.225  -0.034   0.521   0.568   0.703   0.577  -0.511  -0.662  -0.661  -0.366   0.167   0.344   0.712  -0.427  -0.498  -0.604  -0.211   0.160   0.504   0.602   0.639  -0.490  -0.587  -0.672  -0.304   0.264   0.188   0.707   0.738  -0.065  -0.143   0.011  -0.060   0.010   0.450   0.689   1.000  -0.514  -0.649  -0.359   0.257  -0.368  -0.427  -0.321  -0.138   0.107   0.300   0.677
             Prealgebra|L1   0.804   0.685   0.470   0.040  -0.290  -0.560  -0.700   0.732   0.500   0.219  -0.190  -0.532  -0.531  -0.633  -0.524   0.727   0.602   0.487  -0.121  -0.548  -0.667  -0.656   0.605   0.573   0.473   0.112  -0.403  -0.681  -0.664  -0.560   0.695   0.631   0.497  -0.056  -0.463  -0.482  -0.652  -0.578   0.448   0.319   0.042   0.113  -0.119  -0.433  -0.627  -0.514   1.000   0.746   0.203  -0.340   0.560   0.514   0.242   0.010  -0.502  -0.575  -0.719
             Prealgebra|L2   0.642   0.786   0.736   0.175  -0.101  -0.567  -0.735   0.624   0.687   0.343   0.111  -0.458  -0.495  -0.615  -0.547   0.683   0.751   0.693   0.197  -0.377  -0.534  -0.677   0.485   0.523   0.426   0.005  -0.498  -0.713  -0.758  -0.687   0.589   0.659   0.683   0.189  -0.378  -0.383  -0.733  -0.675   0.218   0.167  -0.048   0.098  -0.137  -0.476  -0.761  -0.649   0.746   1.000   0.569  -0.071   0.390   0.391   0.161  -0.064  -0.378  -0.582  -0.737
             Prealgebra|L3   0.067   0.363   0.583   0.154   0.049  -0.329  -0.296   0.241   0.558   0.442   0.459   0.036  -0.022  -0.118  -0.181   0.284   0.402   0.326   0.236  -0.043  -0.098  -0.257   0.021  -0.009  -0.148  -0.381  -0.478  -0.421  -0.490  -0.411   0.262   0.407   0.549   0.376  -0.001  -0.024  -0.349  -0.316  -0.021  -0.131  -0.172   0.001  -0.083  -0.114  -0.458  -0.359   0.203   0.569   1.000   0.437  -0.035  -0.122  -0.299  -0.346  -0.230  -0.388  -0.368
             Prealgebra|L4  -0.458  -0.294  -0.066   0.007   0.055   0.089   0.360  -0.382  -0.131   0.178   0.401   0.565   0.527   0.463   0.274  -0.327  -0.287  -0.260   0.091   0.321   0.388   0.402  -0.470  -0.527  -0.567  -0.313  -0.077   0.214   0.084   0.134  -0.358  -0.290  -0.137   0.161   0.334   0.309   0.298   0.338  -0.200  -0.324  -0.209  -0.068  -0.171   0.208   0.161   0.257  -0.340  -0.071   0.437   1.000  -0.489  -0.565  -0.451  -0.298   0.181   0.140   0.346
            Precalculus|L1   0.734   0.567   0.121  -0.321  -0.401  -0.603  -0.641   0.712   0.387  -0.209  -0.336  -0.577  -0.596  -0.521  -0.509   0.686   0.549   0.470  -0.153  -0.518  -0.568  -0.466   0.870   0.805   0.426  -0.114  -0.429  -0.549  -0.557  -0.488   0.642   0.524   0.214  -0.344  -0.657  -0.634  -0.545  -0.444   0.355   0.460   0.234   0.281   0.042  -0.457  -0.420  -0.368   0.560   0.390  -0.035  -0.489   1.000   0.855   0.415   0.098  -0.434  -0.570  -0.529
            Precalculus|L2   0.736   0.606   0.162  -0.135  -0.258  -0.520  -0.698   0.581   0.306  -0.273  -0.459  -0.695  -0.743  -0.664  -0.633   0.626   0.538   0.552  -0.062  -0.472  -0.574  -0.560   0.816   0.839   0.605   0.134  -0.270  -0.513  -0.511  -0.548   0.528   0.428   0.162  -0.355  -0.750  -0.702  -0.631  -0.558   0.434   0.650   0.437   0.428   0.193  -0.435  -0.393  -0.427   0.514   0.391  -0.122  -0.565   0.855   1.000   0.633   0.370  -0.241  -0.465  -0.557
            Precalculus|L3   0.360   0.309   0.083   0.169   0.088  -0.166  -0.407   0.168  -0.037  -0.329  -0.489  -0.504  -0.537  -0.539  -0.470   0.226   0.234   0.416   0.138  -0.156  -0.290  -0.380   0.360   0.467   0.597   0.505   0.193  -0.126  -0.202  -0.302   0.086   0.027  -0.072  -0.330  -0.479  -0.409  -0.387  -0.375   0.243   0.481   0.360   0.319   0.133  -0.314  -0.203  -0.321   0.242   0.161  -0.299  -0.451   0.415   0.633   1.000   0.645   0.152   0.014  -0.261
            Precalculus|L4   0.047   0.059  -0.006   0.379   0.295   0.162  -0.193  -0.126  -0.275  -0.311  -0.488  -0.397  -0.440  -0.415  -0.315  -0.081  -0.043   0.244   0.175   0.003  -0.070  -0.289   0.039   0.139   0.453   0.658   0.355   0.022   0.081  -0.150  -0.184  -0.225  -0.218  -0.253  -0.356  -0.326  -0.275  -0.292   0.286   0.538   0.527   0.443   0.421   0.063   0.087  -0.138   0.010  -0.064  -0.346  -0.298   0.098   0.370   0.645   1.000   0.445   0.239  -0.067
            Precalculus|L5  -0.500  -0.396  -0.171   0.442   0.567   0.579   0.315  -0.628  -0.514  -0.205  -0.130   0.150   0.100   0.090   0.138  -0.529  -0.387  -0.161   0.387   0.594   0.568   0.229  -0.485  -0.412  -0.002   0.426   0.591   0.479   0.459   0.230  -0.625  -0.593  -0.373   0.006   0.189   0.261   0.195   0.113  -0.217  -0.104   0.054   0.033   0.160   0.180   0.307   0.107  -0.502  -0.378  -0.230   0.181  -0.434  -0.241   0.152   0.445   1.000   0.725   0.437
            Precalculus|L6  -0.593  -0.579  -0.308   0.314   0.532   0.728   0.576  -0.719  -0.656  -0.210  -0.097   0.328   0.348   0.331   0.381  -0.662  -0.573  -0.441   0.184   0.608   0.611   0.451  -0.582  -0.532  -0.138   0.361   0.654   0.689   0.661   0.511  -0.717  -0.695  -0.477   0.001   0.417   0.523   0.482   0.373  -0.409  -0.357  -0.177  -0.273  -0.002   0.236   0.467   0.300  -0.575  -0.582  -0.388   0.140  -0.570  -0.465   0.014   0.239   0.725   1.000   0.622
            Precalculus|L7  -0.681  -0.759  -0.666  -0.212   0.046   0.540   0.783  -0.698  -0.683  -0.312  -0.000   0.573   0.609   0.722   0.588  -0.684  -0.711  -0.640  -0.067   0.485   0.630   0.814  -0.584  -0.611  -0.559  -0.079   0.400   0.754   0.715   0.689  -0.691  -0.739  -0.709  -0.177   0.411   0.395   0.784   0.770  -0.363  -0.368  -0.182  -0.231  -0.124   0.350   0.692   0.677  -0.719  -0.737  -0.368   0.346  -0.529  -0.557  -0.261  -0.067   0.437   0.622   1.000
```
- heatmap: heatmap_unit_THINKING_pilot.png

## ===== THINKING :: RAW (transparency) =====

### [THINKING_raw] SUBJECT grouping  (groups=8, MIN_N=1)
group sizes: Algebra:201, Counting & Probability:212, Geometry:211, Intermediate Algebra:199, Number Theory:224, Other:206, Prealgebra:103, Precalculus:185
- within_mean cos = +0.858 | between_mean cos = +0.981 | gap = -0.123
- permutation p(gap >= obs) = 0.0050  (N_PERM=200, label shuffle)
- centroid cosine matrix:
```
                        AlgebraCounting & ProbabilityGeometryIntermediate AlgebraNumber Theory   OtherPrealgebraPrecalculus
                Algebra   1.000   0.983   0.991   0.994   0.991   0.978   0.985   0.991
 Counting & Probability   0.983   1.000   0.985   0.977   0.991   0.964   0.976   0.973
               Geometry   0.991   0.985   1.000   0.988   0.987   0.972   0.980   0.989
   Intermediate Algebra   0.994   0.977   0.988   1.000   0.986   0.981   0.971   0.996
          Number Theory   0.991   0.991   0.987   0.986   1.000   0.970   0.979   0.980
                  Other   0.978   0.964   0.972   0.981   0.970   1.000   0.960   0.984
             Prealgebra   0.985   0.976   0.980   0.971   0.979   0.960   1.000   0.970
            Precalculus   0.991   0.973   0.989   0.996   0.980   0.984   0.970   1.000
```

### [THINKING_raw] LEVEL grouping  (groups=8, MIN_N=1)
group sizes: 1:199, 2:227, 3:233, 4:216, 5:200, 6:203, 7:201, 8:62
- within_mean cos = +0.856 | between_mean cos = +0.949 | gap = -0.093
- permutation p(gap >= obs) = 0.0050  (N_PERM=200, label shuffle)
- centroid cosine matrix:
```
               1       2       3       4       5       6       7       8
       1   1.000   0.991   0.973   0.953   0.931   0.906   0.866   0.829
       2   0.991   1.000   0.993   0.979   0.962   0.941   0.903   0.863
       3   0.973   0.993   1.000   0.995   0.985   0.969   0.934   0.896
       4   0.953   0.979   0.995   1.000   0.995   0.985   0.956   0.920
       5   0.931   0.962   0.985   0.995   1.000   0.996   0.975   0.944
       6   0.906   0.941   0.969   0.985   0.996   1.000   0.987   0.962
       7   0.866   0.903   0.934   0.956   0.975   0.987   1.000   0.987
       8   0.829   0.863   0.896   0.920   0.944   0.962   0.987   1.000
```
- ORDINALITY: ρ( centroid_cos , -|level_a-level_b| ) = +0.976  (positive => adjacent levels more similar)

## ===== THINKING :: gen_len-balanced robustness (centered) =====

(gen_len-balanced subsample N=632)

### [THINKING_balanced] SUBJECT grouping  (groups=8, MIN_N=1)
group sizes: Algebra:79, Counting & Probability:79, Geometry:79, Intermediate Algebra:79, Number Theory:79, Other:79, Prealgebra:79, Precalculus:79
- within_mean cos = +0.286 | between_mean cos = +0.037 | gap = +0.249
- permutation p(gap >= obs) = 0.0050  (N_PERM=200, label shuffle)
- centroid cosine matrix:
```
                        AlgebraCounting & ProbabilityGeometryIntermediate AlgebraNumber Theory   OtherPrealgebraPrecalculus
                Algebra   1.000  -0.101   0.167   0.314   0.227  -0.145   0.231   0.043
 Counting & Probability  -0.101   1.000   0.095  -0.467   0.363  -0.348   0.415  -0.499
               Geometry   0.167   0.095   1.000   0.002   0.112  -0.169   0.398   0.242
   Intermediate Algebra   0.314  -0.467   0.002   1.000  -0.050   0.040  -0.343   0.582
          Number Theory   0.227   0.363   0.112  -0.050   1.000  -0.270   0.340  -0.251
                  Other  -0.145  -0.348  -0.169   0.040  -0.270   1.000  -0.068   0.347
             Prealgebra   0.231   0.415   0.398  -0.343   0.340  -0.068   1.000  -0.162
            Precalculus   0.043  -0.499   0.242   0.582  -0.251   0.347  -0.162   1.000
```

(gen_len-balanced subsample N=106)

### [THINKING_balanced] LEVEL grouping  (groups=8, MIN_N=1)
group sizes: 1:14, 2:14, 3:14, 4:14, 5:14, 6:14, 7:11, 8:11
- within_mean cos = +0.398 | between_mean cos = -0.002 | gap = +0.399
- permutation p(gap >= obs) = 0.0050  (N_PERM=200, label shuffle)
- centroid cosine matrix:
```
               1       2       3       4       5       6       7       8
       1   1.000   0.366  -0.026  -0.181  -0.236  -0.401  -0.333  -0.205
       2   0.366   1.000   0.269   0.013  -0.219  -0.536  -0.495  -0.619
       3  -0.026   0.269   1.000   0.437   0.394  -0.030  -0.404  -0.271
       4  -0.181   0.013   0.437   1.000   0.512   0.268  -0.117  -0.035
       5  -0.236  -0.219   0.394   0.512   1.000   0.501  -0.025   0.037
       6  -0.401  -0.536  -0.030   0.268   0.501   1.000   0.392   0.353
       7  -0.333  -0.495  -0.404  -0.117  -0.025   0.392   1.000   0.543
       8  -0.205  -0.619  -0.271  -0.035   0.037   0.353   0.543   1.000
```
- ORDINALITY: ρ( centroid_cos , -|level_a-level_b| ) = +0.905  (positive => adjacent levels more similar)

