{
  "N": 3025,
  "n_pilot1": 1608,
  "n_pilot2": 1417,
  "N_29K": 29434,
  "subjects": [
    "Algebra",
    "Counting & Probability",
    "Geometry",
    "Intermediate Algebra",
    "Number Theory",
    "Other",
    "Prealgebra",
    "Precalculus"
  ],
  "S": [
    [
      1.0,
      -0.4188285171985626,
      -0.06248241662979126,
      0.29108694195747375,
      0.048867955803871155,
      -0.4828627407550812,
      0.32980042695999146,
      0.13304416835308075
    ],
    [
      -0.4188285171985626,
      1.0,
      0.04360303655266762,
      -0.6569487452507019,
      0.44820186495780945,
      -0.23120029270648956,
      0.07439728081226349,
      -0.7283152341842651
    ],
    [
      -0.06248241662979126,
      0.04360303655266762,
      1.0,
      -0.1955615133047104,
      -0.1760990470647812,
      -0.3310963809490204,
      -0.08491599559783936,
      0.015733914449810982
    ],
    [
      0.29108694195747375,
      -0.6569487452507019,
      -0.1955615133047104,
      1.0,
      -0.2917272448539734,
      0.10391153395175934,
      -0.4447857141494751,
      0.6664623618125916
    ],
    [
      0.048867955803871155,
      0.44820186495780945,
      -0.1760990470647812,
      -0.2917272448539734,
      1.0,
      -0.5142252445220947,
      0.12550194561481476,
      -0.6529041528701782
    ],
    [
      -0.4828627407550812,
      -0.23120029270648956,
      -0.3310963809490204,
      0.10391153395175934,
      -0.5142252445220947,
      1.0,
      -0.38729754090309143,
      0.2771337330341339
    ],
    [
      0.32980042695999146,
      0.07439728081226349,
      -0.08491599559783936,
      -0.4447857141494751,
      0.12550194561481476,
      -0.38729754090309143,
      1.0,
      -0.29349422454833984
    ],
    [
      0.13304416835308075,
      -0.7283152341842651,
      0.015733914449810982,
      0.6664623618125916,
      -0.6529041528701782,
      0.2771337330341339,
      -0.29349422454833984,
      1.0
    ]
  ],
  "D": [
    [
      0.0,
      1.4188284873962402,
      1.0624823570251465,
      0.7089130878448486,
      0.95113205909729,
      1.4828627109527588,
      0.6701995730400085,
      0.8669558167457581
    ],
    [
      1.4188284873962402,
      0.0,
      0.9563969373703003,
      1.6569488048553467,
      0.5517981052398682,
      1.2312003374099731,
      0.9256027340888977,
      1.7283152341842651
    ],
    [
      1.0624823570251465,
      0.9563969373703003,
      0.0,
      1.1955615282058716,
      1.1760990619659424,
      1.3310964107513428,
      1.0849159955978394,
      0.9842661023139954
    ],
    [
      0.7089130878448486,
      1.6569488048553467,
      1.1955615282058716,
      0.0,
      1.2917273044586182,
      0.8960884809494019,
      1.444785714149475,
      0.33353763818740845
    ],
    [
      0.95113205909729,
      0.5517981052398682,
      1.1760990619659424,
      1.2917273044586182,
      0.0,
      1.5142252445220947,
      0.8744980692863464,
      1.6529041528701782
    ],
    [
      1.4828627109527588,
      1.2312003374099731,
      1.3310964107513428,
      0.8960884809494019,
      1.5142252445220947,
      0.0,
      1.387297511100769,
      0.7228662967681885
    ],
    [
      0.6701995730400085,
      0.9256027340888977,
      1.0849159955978394,
      1.444785714149475,
      0.8744980692863464,
      1.387297511100769,
      0.0,
      1.2934942245483398
    ],
    [
      0.8669558167457581,
      1.7283152341842651,
      0.9842661023139954,
      0.33353763818740845,
      1.6529041528701782,
      0.7228662967681885,
      1.2934942245483398,
      0.0
    ]
  ],
  "S_recompute_max_abs_diff_vs_saved": 0.0,
  "difficulty_axis": {
    "D1": [
      1,
      2
    ],
    "D2": [
      3,
      4
    ],
    "D3": [
      5,
      6
    ],
    "D4": [
      7,
      8
    ]
  },
  "min_cell_threshold": 300,
  "hard_floor": "empty_cell_n0_on_29K",
  "ct_29K": {
    "Algebra": {
      "1": 165,
      "2": 1190,
      "3": 1805,
      "4": 1724,
      "5": 1365,
      "6": 495,
      "7": 79,
      "8": 0
    },
    "Counting & Probability": {
      "1": 106,
      "2": 561,
      "3": 961,
      "4": 713,
      "5": 720,
      "6": 480,
      "7": 308,
      "8": 10
    },
    "Geometry": {
      "1": 37,
      "2": 356,
      "3": 797,
      "4": 1317,
      "5": 1389,
      "6": 870,
      "7": 491,
      "8": 9
    },
    "Intermediate Algebra": {
      "1": 16,
      "2": 85,
      "3": 231,
      "4": 464,
      "5": 725,
      "6": 517,
      "7": 240,
      "8": 11
    },
    "Number Theory": {
      "1": 89,
      "2": 445,
      "3": 909,
      "4": 1101,
      "5": 1271,
      "6": 1033,
      "7": 565,
      "8": 23
    },
    "Other": {
      "1": 24,
      "2": 98,
      "3": 124,
      "4": 81,
      "5": 122,
      "6": 92,
      "7": 109,
      "8": 13
    },
    "Prealgebra": {
      "1": 888,
      "2": 1460,
      "3": 538,
      "4": 17,
      "5": 0,
      "6": 0,
      "7": 0,
      "8": 0
    },
    "Precalculus": {
      "1": 18,
      "2": 133,
      "3": 549,
      "4": 755,
      "5": 518,
      "6": 195,
      "7": 27,
      "8": 0
    }
  },
  "per_K": {
    "2": {
      "members": {
        "2": [
          "Algebra",
          "Counting & Probability",
          "Geometry",
          "Number Theory",
          "Prealgebra"
        ],
        "1": [
          "Intermediate Algebra",
          "Other",
          "Precalculus"
        ]
      },
      "n_stages": 8,
      "within_spread": 0.4077202558517456,
      "sigma_mean": 1.9560675621032715,
      "sigma_max": 1.9560675621032715,
      "rand_mean": 1.9560675621032715,
      "headroom_mean": 0.0,
      "max_offdiag": 1.9560675621032715,
      "sigma_order": [
        1,
        2
      ],
      "silhouette": 0.3418034613132477,
      "feasibility": {
        "min_cell": 374,
        "n_empty": 0,
        "n_lt_300": 0,
        "n_lt_150": 0,
        "n_cells": 8
      },
      "cells": {
        "D1|C2": 5297,
        "D1|C1": 374,
        "D2|C2": 9882,
        "D2|C1": 2204,
        "D3|C2": 7623,
        "D3|C1": 2169,
        "D4|C2": 1485,
        "D4|C1": 400
      }
    },
    "3": {
      "members": {
        "2": [
          "Algebra",
          "Counting & Probability",
          "Number Theory",
          "Prealgebra"
        ],
        "3": [
          "Geometry"
        ],
        "1": [
          "Intermediate Algebra",
          "Other",
          "Precalculus"
        ]
      },
      "n_stages": 12,
      "within_spread": 0.23776773363351822,
      "sigma_mean": 1.1914538741111755,
      "sigma_max": 1.269045114517212,
      "rand_mean": 1.4176901578903198,
      "headroom_mean": 0.2262362837791443,
      "max_offdiag": 1.8701622486114502,
      "sigma_order": [
        1,
        3,
        2
      ],
      "silhouette": 0.23811432719230652,
      "feasibility": {
        "min_cell": 374,
        "n_empty": 0,
        "n_lt_300": 0,
        "n_lt_150": 0,
        "n_cells": 12
      },
      "cells": {
        "D1|C2": 4904,
        "D1|C3": 393,
        "D1|C1": 374,
        "D2|C2": 7768,
        "D2|C3": 2114,
        "D2|C1": 2204,
        "D3|C2": 5364,
        "D3|C3": 2259,
        "D3|C1": 2169,
        "D4|C2": 985,
        "D4|C3": 500,
        "D4|C1": 400
      }
    },
    "4": {
      "members": {
        "3": [
          "Algebra",
          "Prealgebra"
        ],
        "2": [
          "Counting & Probability",
          "Number Theory"
        ],
        "4": [
          "Geometry"
        ],
        "1": [
          "Intermediate Algebra",
          "Other",
          "Precalculus"
        ]
      },
      "n_stages": 16,
      "within_spread": 0.1601247414946556,
      "sigma_mean": 1.105085293451945,
      "sigma_max": 1.269045114517212,
      "rand_mean": 1.2767637968063354,
      "headroom_mean": 0.1716785033543904,
      "max_offdiag": 1.7744336128234863,
      "sigma_order": [
        1,
        4,
        2,
        3
      ],
      "silhouette": 0.3376096487045288,
      "feasibility": {
        "min_cell": 79,
        "n_empty": 0,
        "n_lt_300": 1,
        "n_lt_150": 1,
        "n_cells": 16
      },
      "cells": {
        "D1|C3": 3703,
        "D1|C2": 1201,
        "D1|C4": 393,
        "D1|C1": 374,
        "D2|C3": 4084,
        "D2|C2": 3684,
        "D2|C4": 2114,
        "D2|C1": 2204,
        "D3|C3": 1860,
        "D3|C2": 3504,
        "D3|C4": 2259,
        "D3|C1": 2169,
        "D4|C3": 79,
        "D4|C2": 906,
        "D4|C4": 500,
        "D4|C1": 400
      }
    },
    "5": {
      "members": {
        "4": [
          "Algebra",
          "Prealgebra"
        ],
        "3": [
          "Counting & Probability",
          "Number Theory"
        ],
        "5": [
          "Geometry"
        ],
        "1": [
          "Intermediate Algebra",
          "Precalculus"
        ],
        "2": [
          "Other"
        ]
      },
      "n_stages": 20,
      "within_spread": 0.09248562455177307,
      "sigma_mean": 0.9813031405210495,
      "sigma_max": 1.0925976037979126,
      "rand_mean": 1.2290122509002686,
      "headroom_mean": 0.24770911037921906,
      "max_offdiag": 1.7744841575622559,
      "sigma_order": [
        2,
        1,
        5,
        3,
        4
      ],
      "silhouette": 0.2987145185470581,
      "feasibility": {
        "min_cell": 79,
        "n_empty": 0,
        "n_lt_300": 7,
        "n_lt_150": 3,
        "n_cells": 20
      },
      "cells": {
        "D1|C4": 3703,
        "D1|C3": 1201,
        "D1|C5": 393,
        "D1|C1": 252,
        "D1|C2": 122,
        "D2|C4": 4084,
        "D2|C3": 3684,
        "D2|C5": 2114,
        "D2|C1": 1999,
        "D2|C2": 205,
        "D3|C4": 1860,
        "D3|C3": 3504,
        "D3|C5": 2259,
        "D3|C1": 1955,
        "D3|C2": 214,
        "D4|C4": 79,
        "D4|C3": 906,
        "D4|C5": 500,
        "D4|C1": 278,
        "D4|C2": 122
      }
    },
    "6": {
      "members": {
        "4": [
          "Algebra"
        ],
        "3": [
          "Counting & Probability",
          "Number Theory"
        ],
        "6": [
          "Geometry"
        ],
        "1": [
          "Intermediate Algebra",
          "Precalculus"
        ],
        "2": [
          "Other"
        ],
        "5": [
          "Prealgebra"
        ]
      },
      "n_stages": 24,
      "within_spread": 0.040073285500208534,
      "sigma_mean": 0.8350161790847779,
      "sigma_max": 1.0636537075042725,
      "rand_mean": 1.1641329526901245,
      "headroom_mean": 0.32911677360534664,
      "max_offdiag": 1.7744841575622559,
      "sigma_order": [
        2,
        1,
        4,
        5,
        3,
        6
      ],
      "silhouette": 0.23012001812458038,
      "feasibility": {
        "min_cell": 0,
        "n_empty": 2,
        "n_lt_300": 9,
        "n_lt_150": 5,
        "n_cells": 24
      },
      "cells": {
        "D1|C4": 1355,
        "D1|C3": 1201,
        "D1|C6": 393,
        "D1|C1": 252,
        "D1|C2": 122,
        "D1|C5": 2348,
        "D2|C4": 3529,
        "D2|C3": 3684,
        "D2|C6": 2114,
        "D2|C1": 1999,
        "D2|C2": 205,
        "D2|C5": 555,
        "D3|C4": 1860,
        "D3|C3": 3504,
        "D3|C6": 2259,
        "D3|C1": 1955,
        "D3|C2": 214,
        "D3|C5": 0,
        "D4|C4": 79,
        "D4|C3": 906,
        "D4|C6": 500,
        "D4|C1": 278,
        "D4|C2": 122,
        "D4|C5": 0
      }
    },
    "7": {
      "members": {
        "5": [
          "Algebra"
        ],
        "3": [
          "Counting & Probability"
        ],
        "7": [
          "Geometry"
        ],
        "1": [
          "Intermediate Algebra",
          "Precalculus"
        ],
        "4": [
          "Number Theory"
        ],
        "2": [
          "Other"
        ],
        "6": [
          "Prealgebra"
        ]
      },
      "n_stages": 28,
      "within_spread": 0.01252917732511248,
      "sigma_mean": 0.768504391113917,
      "sigma_max": 0.9563969373703003,
      "rand_mean": 1.1409189701080322,
      "headroom_mean": 0.37241457899411523,
      "max_offdiag": 1.7615587711334229,
      "sigma_order": [
        2,
        1,
        5,
        6,
        4,
        3,
        7
      ],
      "silhouette": 0.13351231813430786,
      "feasibility": {
        "min_cell": 0,
        "n_empty": 2,
        "n_lt_300": 9,
        "n_lt_150": 5,
        "n_cells": 28
      },
      "cells": {
        "D1|C5": 1355,
        "D1|C3": 667,
        "D1|C7": 393,
        "D1|C1": 252,
        "D1|C4": 534,
        "D1|C2": 122,
        "D1|C6": 2348,
        "D2|C5": 3529,
        "D2|C3": 1674,
        "D2|C7": 2114,
        "D2|C1": 1999,
        "D2|C4": 2010,
        "D2|C2": 205,
        "D2|C6": 555,
        "D3|C5": 1860,
        "D3|C3": 1200,
        "D3|C7": 2259,
        "D3|C1": 1955,
        "D3|C4": 2304,
        "D3|C2": 214,
        "D3|C6": 0,
        "D4|C5": 79,
        "D4|C3": 318,
        "D4|C7": 500,
        "D4|C1": 278,
        "D4|C4": 588,
        "D4|C2": 122,
        "D4|C6": 0
      }
    },
    "8": {
      "members": {
        "1": [
          "Algebra"
        ],
        "2": [
          "Counting & Probability"
        ],
        "3": [
          "Geometry"
        ],
        "4": [
          "Intermediate Algebra"
        ],
        "5": [
          "Number Theory"
        ],
        "6": [
          "Other"
        ],
        "7": [
          "Prealgebra"
        ],
        "8": [
          "Precalculus"
        ]
      },
      "n_stages": 32,
      "within_spread": 0.0,
      "sigma_mean": 0.6883156725338527,
      "sigma_max": 0.9563969373703003,
      "rand_mean": 1.1212499141693115,
      "headroom_mean": 0.4329342416354588,
      "max_offdiag": 1.7283152341842651,
      "sigma_order": [
        3,
        2,
        5,
        7,
        1,
        4,
        8,
        6
      ],
      "silhouette": NaN,
      "feasibility": {
        "min_cell": 0,
        "n_empty": 2,
        "n_lt_300": 11,
        "n_lt_150": 7,
        "n_cells": 32
      },
      "cells": {
        "D1|C1": 1355,
        "D1|C2": 667,
        "D1|C3": 393,
        "D1|C4": 101,
        "D1|C5": 534,
        "D1|C6": 122,
        "D1|C7": 2348,
        "D1|C8": 151,
        "D2|C1": 3529,
        "D2|C2": 1674,
        "D2|C3": 2114,
        "D2|C4": 695,
        "D2|C5": 2010,
        "D2|C6": 205,
        "D2|C7": 555,
        "D2|C8": 1304,
        "D3|C1": 1860,
        "D3|C2": 1200,
        "D3|C3": 2259,
        "D3|C4": 1242,
        "D3|C5": 2304,
        "D3|C6": 214,
        "D3|C7": 0,
        "D3|C8": 713,
        "D4|C1": 79,
        "D4|C2": 318,
        "D4|C3": 500,
        "D4|C4": 251,
        "D4|C5": 588,
        "D4|C6": 122,
        "D4|C7": 0,
        "D4|C8": 27
      }
    }
  },
  "indiv_subject_limit": {
    "n_stages": 32,
    "within_spread": 0.0,
    "sigma_mean": 0.6883156725338527,
    "sigma_max": 0.9563969373703003,
    "rand_mean": 1.1212499141693115,
    "headroom_mean": 0.4329342416354588,
    "max_offdiag": 1.7283152341842651,
    "sigma_order": [
      "Geometry",
      "Counting & Probability",
      "Number Theory",
      "Prealgebra",
      "Algebra",
      "Intermediate Algebra",
      "Precalculus",
      "Other"
    ],
    "silhouette": NaN,
    "feasibility": {
      "min_cell": 0,
      "n_empty": 2,
      "n_lt_300": 11,
      "n_lt_150": 7,
      "n_cells": 32
    },
    "path_cost": 4.818209707736969,
    "consec": [
      0.9563969373703003,
      0.5517981052398682,
      0.8744980692863464,
      0.6701995730400085,
      0.7089130878448486,
      0.33353763818740845,
      0.7228662967681885
    ]
  },
  "feasible_Ks": [
    2,
    3,
    4,
    5
  ],
  "ceiling_K": 5,
  "recommended_K": 5,
  "recommended_K_is_ceiling_not_final": true,
  "recommended_K_source": "finest feasible (empty=0) \u2192 ceiling K=5",
  "geometry_option_a_singleton": {
    "members": {
      "4": [
        "Algebra",
        "Prealgebra"
      ],
      "3": [
        "Counting & Probability",
        "Number Theory"
      ],
      "1": [
        "Intermediate Algebra",
        "Precalculus"
      ],
      "2": [
        "Other"
      ],
      "6": [
        "Geometry"
      ]
    },
    "sigma": [
      2,
      1,
      6,
      3,
      4
    ],
    "sigma_mean": 0.9813031405210495,
    "sigma_max": 1.0925976037979126,
    "headroom_mean": 0.24770911037921906,
    "feasibility": {
      "min_cell": 79,
      "n_empty": 0,
      "n_lt_300": 7,
      "n_lt_150": 3,
      "n_cells": 20
    }
  },
  "geometry_option_b_merged": {
    "members": {
      "4": [
        "Algebra",
        "Prealgebra"
      ],
      "3": [
        "Counting & Probability",
        "Number Theory",
        "Geometry"
      ],
      "1": [
        "Intermediate Algebra",
        "Precalculus"
      ],
      "2": [
        "Other"
      ]
    },
    "sigma": [
      2,
      1,
      4,
      3
    ],
    "sigma_mean": 1.0286322633425395,
    "sigma_max": 1.2607003450393677,
    "headroom_mean": 0.2845192154248555,
    "feasibility": {
      "min_cell": 79,
      "n_empty": 0,
      "n_lt_300": 7,
      "n_lt_150": 3,
      "n_cells": 16
    }
  },
  "robustness": {
    "4": {
      "pilot1": {
        "members": {
          "2": [
            "Algebra",
            "Prealgebra"
          ],
          "3": [
            "Counting & Probability",
            "Number Theory"
          ],
          "4": [
            "Geometry"
          ],
          "1": [
            "Intermediate Algebra",
            "Other",
            "Precalculus"
          ]
        },
        "S_corr_vs_pooled": 0.9724222473107998,
        "same": true
      },
      "pilot2": {
        "members": {
          "1": [
            "Algebra",
            "Prealgebra"
          ],
          "2": [
            "Counting & Probability",
            "Number Theory"
          ],
          "4": [
            "Geometry"
          ],
          "3": [
            "Intermediate Algebra",
            "Other",
            "Precalculus"
          ]
        },
        "S_corr_vs_pooled": 0.9731037736062824,
        "same": true
      },
      "balanced": {
        "N": 1200,
        "members": {
          "2": [
            "Algebra",
            "Intermediate Algebra",
            "Precalculus"
          ],
          "1": [
            "Counting & Probability",
            "Number Theory",
            "Prealgebra"
          ],
          "3": [
            "Geometry"
          ],
          "4": [
            "Other"
          ]
        },
        "S_corr_vs_pooled": 0.9266541171373966,
        "same": false
      }
    },
    "5": {
      "pilot1": {
        "members": {
          "3": [
            "Algebra",
            "Prealgebra"
          ],
          "4": [
            "Counting & Probability",
            "Number Theory"
          ],
          "5": [
            "Geometry"
          ],
          "1": [
            "Intermediate Algebra",
            "Precalculus"
          ],
          "2": [
            "Other"
          ]
        },
        "S_corr_vs_pooled": 0.9724222473107998,
        "same": true
      },
      "pilot2": {
        "members": {
          "1": [
            "Algebra",
            "Prealgebra"
          ],
          "2": [
            "Counting & Probability",
            "Number Theory"
          ],
          "5": [
            "Geometry"
          ],
          "3": [
            "Intermediate Algebra",
            "Precalculus"
          ],
          "4": [
            "Other"
          ]
        },
        "S_corr_vs_pooled": 0.9731037736062824,
        "same": true
      },
      "balanced": {
        "N": 1200,
        "members": {
          "2": [
            "Algebra"
          ],
          "4": [
            "Counting & Probability",
            "Number Theory",
            "Prealgebra"
          ],
          "5": [
            "Geometry"
          ],
          "1": [
            "Intermediate Algebra",
            "Precalculus"
          ],
          "3": [
            "Other"
          ]
        },
        "S_corr_vs_pooled": 0.9363456258193573,
        "same": false
      }
    }
  }
}